Var1_1	Var1_2	Var1_3	Var1_4	Var1_5	Var1_6	Var1_7	Var1_8
0	0.5	2	0.71	0	0.969	1	0.013
1	1.699	2	0.71	0	0.969	1	0.011
2	2.946	2	0.71	0	0.969	1	0.014
3	3.646	2	0.71	0	0.969	1	0.014
4	4.149	2	0.71	0	0.969	1	0.015
5	4.168	2	0.71	0	0.969	1	0.015
6	4.248	2	0.71	0	0.969	1	0.016
7	4.282	2	0.71	0	0.969	1	0.016
8	4.296	2	0.71	0	0.969	1	0.013
9	4.303	2	0.71	0	0.969	1	0.016
10	4.305	2	0.71	0	0.969	1	0.019
11	4.306	2	0.71	0	0.969	1	0.021
12	4.306	2	0.71	0	0.969	1	0.025
13	4.306	2	0.71	0	0.969	1	0.034
14	4.306	2	0.71	0	0.969	1	0.044
15	4.306	2	0.71	0	0.969	1	0.051
16	4.306	2	0.71	0	0.969	1	0.06
17	4.306	2	0.71	0	0.969	1	0.076
18	4.306	2	0.71	0	0.969	1	0.092
19	4.306	2	0.71	0	0.969	1	0.115
20	4.306	2	0.71	0	0.969	1	0.142
0	0.48	2	0.71	0.2	0.969	1	0.009
1	1.725	2	0.71	0.2	0.969	1	0.008
2	3.325	2	0.71	0.2	0.969	1	0.009
3	4.459	2	0.71	0.2	0.969	1	0.009
4	5.071	2	0.71	0.2	0.969	1	0.009
5	5.27	2	0.71	0.2	0.969	1	0.009
6	5.431	2	0.71	0.2	0.969	1	0.01
7	5.516	2	0.71	0.2	0.969	1	0.011
8	5.522	2	0.71	0.2	0.969	1	0.014
9	5.532	2	0.71	0.2	0.969	1	0.014
10	5.551	2	0.71	0.2	0.969	1	0.016
11	5.557	2	0.71	0.2	0.969	1	0.02
12	5.567	2	0.71	0.2	0.969	1	0.025
13	5.567	2	0.71	0.2	0.969	1	0.032
14	5.57	2	0.71	0.2	0.969	1	0.037
15	5.571	2	0.71	0.2	0.969	1	0.044
16	5.571	2	0.71	0.2	0.969	1	0.052
17	5.571	2	0.71	0.2	0.969	1	0.068
18	5.571	2	0.71	0.2	0.969	1	0.098
19	5.571	2	0.71	0.2	0.969	1	0.094
20	5.571	2	0.71	0.2	0.969	1	0.122
0	0.436	2	0.71	0.4	0.969	1	0.009
1	1.629	2	0.71	0.4	0.969	1	0.008
2	3.254	2	0.71	0.4	0.969	1	0.009
3	4.278	2	0.71	0.4	0.969	1	0.009
4	5.102	2	0.71	0.4	0.969	1	0.009
5	5.475	2	0.71	0.4	0.969	1	0.01
6	5.649	2	0.71	0.4	0.969	1	0.014
7	5.766	2	0.71	0.4	0.969	1	0.015
8	5.793	2	0.71	0.4	0.969	1	0.016
9	5.835	2	0.71	0.4	0.969	1	0.017
10	5.848	2	0.71	0.4	0.969	1	0.021
11	5.858	2	0.71	0.4	0.969	1	0.025
12	5.858	2	0.71	0.4	0.969	1	0.023
13	5.86	2	0.71	0.4	0.969	1	0.029
14	5.855	2	0.71	0.4	0.969	1	0.036
15	5.855	2	0.71	0.4	0.969	1	0.044
16	5.856	2	0.71	0.4	0.969	1	0.056
17	5.856	2	0.71	0.4	0.969	1	0.064
18	5.856	2	0.71	0.4	0.969	1	0.093
19	5.856	2	0.71	0.4	0.969	1	0.093
20	5.856	2	0.71	0.4	0.969	1	0.118
0	0.392	2	0.71	0.6	0.969	1	0.011
1	1.539	2	0.71	0.6	0.969	1	0.011
2	2.941	2	0.71	0.6	0.969	1	0.011
3	3.873	2	0.71	0.6	0.969	1	0.011
4	4.687	2	0.71	0.6	0.969	1	0.011
5	5.127	2	0.71	0.6	0.969	1	0.011
6	5.292	2	0.71	0.6	0.969	1	0.01
7	5.436	2	0.71	0.6	0.969	1	0.011
8	5.442	2	0.71	0.6	0.969	1	0.012
9	5.484	2	0.71	0.6	0.969	1	0.014
10	5.476	2	0.71	0.6	0.969	1	0.022
11	5.49	2	0.71	0.6	0.969	1	0.019
12	5.492	2	0.71	0.6	0.969	1	0.03
13	5.491	2	0.71	0.6	0.969	1	0.031
14	5.489	2	0.71	0.6	0.969	1	0.037
15	5.489	2	0.71	0.6	0.969	1	0.052
16	5.489	2	0.71	0.6	0.969	1	0.061
17	5.489	2	0.71	0.6	0.969	1	0.068
18	5.489	2	0.71	0.6	0.969	1	0.084
19	5.489	2	0.71	0.6	0.969	1	0.105
20	5.489	2	0.71	0.6	0.969	1	0.127
0	0.356	2	0.71	0.8	0.969	1	0.009
1	1.426	2	0.71	0.8	0.969	1	0.008
2	2.662	2	0.71	0.8	0.969	1	0.009
3	3.586	2	0.71	0.8	0.969	1	0.009
4	4.371	2	0.71	0.8	0.969	1	0.011
5	4.708	2	0.71	0.8	0.969	1	0.012
6	4.832	2	0.71	0.8	0.969	1	0.012
7	5.004	2	0.71	0.8	0.969	1	0.011
8	4.913	2	0.71	0.8	0.969	1	0.013
9	4.952	2	0.71	0.8	0.969	1	0.014
10	4.975	2	0.71	0.8	0.969	1	0.017
11	4.98	2	0.71	0.8	0.969	1	0.02
12	4.994	2	0.71	0.8	0.969	1	0.024
13	4.983	2	0.71	0.8	0.969	1	0.039
14	4.984	2	0.71	0.8	0.969	1	0.039
15	4.983	2	0.71	0.8	0.969	1	0.05
16	4.984	2	0.71	0.8	0.969	1	0.059
17	4.983	2	0.71	0.8	0.969	1	0.069
18	4.984	2	0.71	0.8	0.969	1	0.079
19	4.984	2	0.71	0.8	0.969	1	0.096
20	4.984	2	0.71	0.8	0.969	1	0.126
0	0.33	2	0.71	1	0.969	1	0.009
1	1.097	2	0.71	1	0.969	1	0.008
2	1.916	2	0.71	1	0.969	1	0.009
3	2.687	2	0.71	1	0.969	1	0.009
4	3.253	2	0.71	1	0.969	1	0.009
5	3.664	2	0.71	1	0.969	1	0.01
6	3.893	2	0.71	1	0.969	1	0.01
7	3.995	2	0.71	1	0.969	1	0.012
8	4.023	2	0.71	1	0.969	1	0.013
9	4.05	2	0.71	1	0.969	1	0.017
10	4.046	2	0.71	1	0.969	1	0.021
11	4.052	2	0.71	1	0.969	1	0.022
12	4.055	2	0.71	1	0.969	1	0.026
13	4.054	2	0.71	1	0.969	1	0.032
14	4.054	2	0.71	1	0.969	1	0.042
15	4.055	2	0.71	1	0.969	1	0.044
16	4.054	2	0.71	1	0.969	1	0.069
17	4.054	2	0.71	1	0.969	1	0.081
18	4.054	2	0.71	1	0.969	1	0.082
19	4.054	2	0.71	1	0.969	1	0.104
20	4.055	2	0.71	1	0.969	1	0.124
0	0.311	2	0.71	1.2	0.969	1	0.01
1	0.869	2	0.71	1.2	0.969	1	0.012
2	1.39	2	0.71	1.2	0.969	1	0.012
3	1.797	2	0.71	1.2	0.969	1	0.013
4	2.085	2	0.71	1.2	0.969	1	0.013
5	2.306	2	0.71	1.2	0.969	1	0.013
6	2.463	2	0.71	1.2	0.969	1	0.014
7	2.549	2	0.71	1.2	0.969	1	0.015
8	2.585	2	0.71	1.2	0.969	1	0.017
9	2.622	2	0.71	1.2	0.969	1	0.014
10	2.611	2	0.71	1.2	0.969	1	0.016
11	2.616	2	0.71	1.2	0.969	1	0.019
12	2.614	2	0.71	1.2	0.969	1	0.023
13	2.613	2	0.71	1.2	0.969	1	0.034
14	2.612	2	0.71	1.2	0.969	1	0.04
15	2.612	2	0.71	1.2	0.969	1	0.053
16	2.611	2	0.71	1.2	0.969	1	0.07
17	2.612	2	0.71	1.2	0.969	1	0.069
18	2.612	2	0.71	1.2	0.969	1	0.093
19	2.612	2	0.71	1.2	0.969	1	0.118
20	2.612	2	0.71	1.2	0.969	1	0.145
0	0.298	2	0.71	1.4	0.969	1	0.009
1	0.787	2	0.71	1.4	0.969	1	0.008
2	1.385	2	0.71	1.4	0.969	1	0.009
3	1.753	2	0.71	1.4	0.969	1	0.009
4	2.089	2	0.71	1.4	0.969	1	0.009
5	2.255	2	0.71	1.4	0.969	1	0.011
6	2.368	2	0.71	1.4	0.969	1	0.018
7	2.436	2	0.71	1.4	0.969	1	0.013
8	2.489	2	0.71	1.4	0.969	1	0.017
9	2.498	2	0.71	1.4	0.969	1	0.02
10	2.5	2	0.71	1.4	0.969	1	0.019
11	2.497	2	0.71	1.4	0.969	1	0.023
12	2.496	2	0.71	1.4	0.969	1	0.029
13	2.497	2	0.71	1.4	0.969	1	0.032
14	2.498	2	0.71	1.4	0.969	1	0.039
15	2.495	2	0.71	1.4	0.969	1	0.048
16	2.495	2	0.71	1.4	0.969	1	0.056
17	2.495	2	0.71	1.4	0.969	1	0.071
18	2.495	2	0.71	1.4	0.969	1	0.079
19	2.495	2	0.71	1.4	0.969	1	0.114
20	2.495	2	0.71	1.4	0.969	1	0.138
0	0.289	2	0.71	1.6	0.969	1	0.01
1	0.981	2	0.71	1.6	0.969	1	0.009
2	1.601	2	0.71	1.6	0.969	1	0.009
3	2.101	2	0.71	1.6	0.969	1	0.009
4	2.413	2	0.71	1.6	0.969	1	0.012
5	2.602	2	0.71	1.6	0.969	1	0.01
6	2.717	2	0.71	1.6	0.969	1	0.011
7	2.789	2	0.71	1.6	0.969	1	0.012
8	2.835	2	0.71	1.6	0.969	1	0.015
9	2.859	2	0.71	1.6	0.969	1	0.018
10	2.873	2	0.71	1.6	0.969	1	0.017
11	2.876	2	0.71	1.6	0.969	1	0.022
12	2.88	2	0.71	1.6	0.969	1	0.026
13	2.878	2	0.71	1.6	0.969	1	0.035
14	2.882	2	0.71	1.6	0.969	1	0.047
15	2.882	2	0.71	1.6	0.969	1	0.048
16	2.883	2	0.71	1.6	0.969	1	0.056
17	2.883	2	0.71	1.6	0.969	1	0.063
18	2.884	2	0.71	1.6	0.969	1	0.091
19	2.884	2	0.71	1.6	0.969	1	0.105
20	2.884	2	0.71	1.6	0.969	1	0.13
0	0.282	2	0.71	1.8	0.969	1	0.01
1	0.711	2	0.71	1.8	0.969	1	0.009
2	1.095	2	0.71	1.8	0.969	1	0.012
3	1.535	2	0.71	1.8	0.969	1	0.011
4	1.885	2	0.71	1.8	0.969	1	0.009
5	2.114	2	0.71	1.8	0.969	1	0.01
6	2.238	2	0.71	1.8	0.969	1	0.01
7	2.321	2	0.71	1.8	0.969	1	0.011
8	2.374	2	0.71	1.8	0.969	1	0.013
9	2.413	2	0.71	1.8	0.969	1	0.014
10	2.439	2	0.71	1.8	0.969	1	0.021
11	2.456	2	0.71	1.8	0.969	1	0.023
12	2.458	2	0.71	1.8	0.969	1	0.03
13	2.456	2	0.71	1.8	0.969	1	0.032
14	2.457	2	0.71	1.8	0.969	1	0.04
15	2.458	2	0.71	1.8	0.969	1	0.051
16	2.459	2	0.71	1.8	0.969	1	0.053
17	2.459	2	0.71	1.8	0.969	1	0.067
18	2.458	2	0.71	1.8	0.969	1	0.084
19	2.458	2	0.71	1.8	0.969	1	0.094
20	2.458	2	0.71	1.8	0.969	1	0.121
0	0.276	2	0.71	2	0.969	1	0.009
1	0.65	2	0.71	2	0.969	1	0.012
2	0.94	2	0.71	2	0.969	1	0.008
3	1.142	2	0.71	2	0.969	1	0.009
4	1.296	2	0.71	2	0.969	1	0.009
5	1.398	2	0.71	2	0.969	1	0.01
6	1.43	2	0.71	2	0.969	1	0.01
7	1.478	2	0.71	2	0.969	1	0.011
8	1.501	2	0.71	2	0.969	1	0.015
9	1.509	2	0.71	2	0.969	1	0.019
10	1.513	2	0.71	2	0.969	1	0.017
11	1.525	2	0.71	2	0.969	1	0.019
12	1.531	2	0.71	2	0.969	1	0.024
13	1.534	2	0.71	2	0.969	1	0.029
14	1.535	2	0.71	2	0.969	1	0.044
15	1.535	2	0.71	2	0.969	1	0.057
16	1.536	2	0.71	2	0.969	1	0.053
17	1.536	2	0.71	2	0.969	1	0.068
18	1.536	2	0.71	2	0.969	1	0.084
19	1.536	2	0.71	2	0.969	1	0.109
20	1.536	2	0.71	2	0.969	1	0.128
0	0.272	2	0.71	2.2	0.969	1	0.009
1	0.628	2	0.71	2.2	0.969	1	0.01
2	1.187	2	0.71	2.2	0.969	1	0.009
3	1.548	2	0.71	2.2	0.969	1	0.011
4	1.773	2	0.71	2.2	0.969	1	0.009
5	1.904	2	0.71	2.2	0.969	1	0.013
6	1.976	2	0.71	2.2	0.969	1	0.012
7	2.02	2	0.71	2.2	0.969	1	0.016
8	2.045	2	0.71	2.2	0.969	1	0.018
9	2.069	2	0.71	2.2	0.969	1	0.021
10	2.078	2	0.71	2.2	0.969	1	0.023
11	2.082	2	0.71	2.2	0.969	1	0.026
12	2.085	2	0.71	2.2	0.969	1	0.026
13	2.087	2	0.71	2.2	0.969	1	0.033
14	2.087	2	0.71	2.2	0.969	1	0.043
15	2.087	2	0.71	2.2	0.969	1	0.051
16	2.087	2	0.71	2.2	0.969	1	0.061
17	2.088	2	0.71	2.2	0.969	1	0.073
18	2.087	2	0.71	2.2	0.969	1	0.097
19	2.087	2	0.71	2.2	0.969	1	0.118
20	2.087	2	0.71	2.2	0.969	1	0.147
0	0.269	2	0.71	2.4	0.969	1	0.012
1	0.615	2	0.71	2.4	0.969	1	0.012
2	1.023	2	0.71	2.4	0.969	1	0.013
3	1.366	2	0.71	2.4	0.969	1	0.013
4	1.607	2	0.71	2.4	0.969	1	0.011
5	1.743	2	0.71	2.4	0.969	1	0.01
6	1.812	2	0.71	2.4	0.969	1	0.013
7	1.85	2	0.71	2.4	0.969	1	0.016
8	1.87	2	0.71	2.4	0.969	1	0.017
9	1.881	2	0.71	2.4	0.969	1	0.017
10	1.887	2	0.71	2.4	0.969	1	0.019
11	1.892	2	0.71	2.4	0.969	1	0.024
12	1.894	2	0.71	2.4	0.969	1	0.025
13	1.896	2	0.71	2.4	0.969	1	0.032
14	1.898	2	0.71	2.4	0.969	1	0.035
15	1.898	2	0.71	2.4	0.969	1	0.044
16	1.898	2	0.71	2.4	0.969	1	0.058
17	1.898	2	0.71	2.4	0.969	1	0.07
18	1.898	2	0.71	2.4	0.969	1	0.08
19	1.898	2	0.71	2.4	0.969	1	0.099
20	1.899	2	0.71	2.4	0.969	1	0.13
0	0.266	2	0.71	2.6	0.969	1	0.009
1	0.606	2	0.71	2.6	0.969	1	0.008
2	0.845	2	0.71	2.6	0.969	1	0.009
3	0.995	2	0.71	2.6	0.969	1	0.009
4	1.088	2	0.71	2.6	0.969	1	0.009
5	1.16	2	0.71	2.6	0.969	1	0.009
6	1.201	2	0.71	2.6	0.969	1	0.01
7	1.228	2	0.71	2.6	0.969	1	0.011
8	1.242	2	0.71	2.6	0.969	1	0.013
9	1.248	2	0.71	2.6	0.969	1	0.019
10	1.25	2	0.71	2.6	0.969	1	0.022
11	1.254	2	0.71	2.6	0.969	1	0.026
12	1.254	2	0.71	2.6	0.969	1	0.024
13	1.256	2	0.71	2.6	0.969	1	0.031
14	1.257	2	0.71	2.6	0.969	1	0.039
15	1.258	2	0.71	2.6	0.969	1	0.05
16	1.258	2	0.71	2.6	0.969	1	0.053
17	1.259	2	0.71	2.6	0.969	1	0.064
18	1.259	2	0.71	2.6	0.969	1	0.095
19	1.259	2	0.71	2.6	0.969	1	0.108
20	1.259	2	0.71	2.6	0.969	1	0.119
0	0.264	2	0.71	2.8	0.969	1	0.012
1	0.6	2	0.71	2.8	0.969	1	0.009
2	0.827	2	0.71	2.8	0.969	1	0.01
3	1.006	2	0.71	2.8	0.969	1	0.012
4	1.278	2	0.71	2.8	0.969	1	0.014
5	1.389	2	0.71	2.8	0.969	1	0.014
6	1.455	2	0.71	2.8	0.969	1	0.015
7	1.495	2	0.71	2.8	0.969	1	0.012
8	1.516	2	0.71	2.8	0.969	1	0.015
9	1.525	2	0.71	2.8	0.969	1	0.016
10	1.528	2	0.71	2.8	0.969	1	0.017
11	1.532	2	0.71	2.8	0.969	1	0.02
12	1.535	2	0.71	2.8	0.969	1	0.029
13	1.537	2	0.71	2.8	0.969	1	0.031
14	1.536	2	0.71	2.8	0.969	1	0.055
15	1.537	2	0.71	2.8	0.969	1	0.049
16	1.537	2	0.71	2.8	0.969	1	0.055
17	1.536	2	0.71	2.8	0.969	1	0.07
18	1.537	2	0.71	2.8	0.969	1	0.093
19	1.537	2	0.71	2.8	0.969	1	0.094
20	1.537	2	0.71	2.8	0.969	1	0.119
0	0.262	2	0.71	3	0.969	1	0.009
1	0.594	2	0.71	3	0.969	1	0.008
2	1.191	2	0.71	3	0.969	1	0.012
3	1.544	2	0.71	3	0.969	1	0.009
4	1.785	2	0.71	3	0.969	1	0.009
5	1.924	2	0.71	3	0.969	1	0.011
6	2	2	0.71	3	0.969	1	0.01
7	2.039	2	0.71	3	0.969	1	0.012
8	2.058	2	0.71	3	0.969	1	0.013
9	2.067	2	0.71	3	0.969	1	0.014
10	2.072	2	0.71	3	0.969	1	0.017
11	2.075	2	0.71	3	0.969	1	0.022
12	2.076	2	0.71	3	0.969	1	0.025
13	2.077	2	0.71	3	0.969	1	0.033
14	2.078	2	0.71	3	0.969	1	0.04
15	2.078	2	0.71	3	0.969	1	0.053
16	2.078	2	0.71	3	0.969	1	0.054
17	2.078	2	0.71	3	0.969	1	0.063
18	2.078	2	0.71	3	0.969	1	0.083
19	2.078	2	0.71	3	0.969	1	0.103
20	2.078	2	0.71	3	0.969	1	0.12
