Var1_1	Var1_2	Var1_3	Var1_4	Var1_5	Var1_6	Var1_7	Var1_8	Var1_9
0	0.769	2	0.707	0	0.95	0.3	1	0.262
1	2.126	2	0.707	0	0.95	0.3	1	0.017
2	3.078	2	0.707	0	0.95	0.3	1	0.017
3	3.426	2	0.707	0	0.95	0.3	1	0.012
4	3.643	2	0.707	0	0.95	0.3	1	0.013
5	3.601	2	0.707	0	0.95	0.3	1	0.013
6	3.623	2	0.707	0	0.95	0.3	1	0.014
7	3.634	2	0.707	0	0.95	0.3	1	0.012
8	3.64	2	0.707	0	0.95	0.3	1	0.015
9	3.644	2	0.707	0	0.95	0.3	1	0.014
10	3.645	2	0.707	0	0.95	0.3	1	0.018
11	3.646	2	0.707	0	0.95	0.3	1	0.025
12	3.646	2	0.707	0	0.95	0.3	1	0.027
13	3.646	2	0.707	0	0.95	0.3	1	0.032
14	3.647	2	0.707	0	0.95	0.3	1	0.041
15	3.647	2	0.707	0	0.95	0.3	1	0.054
16	3.647	2	0.707	0	0.95	0.3	1	0.063
17	3.647	2	0.707	0	0.95	0.3	1	0.075
18	3.647	2	0.707	0	0.95	0.3	1	0.099
19	3.647	2	0.707	0	0.95	0.3	1	0.126
20	3.647	2	0.707	0	0.95	0.3	1	0.148
0	0.761	2	0.707	0.1	0.95	0.3	1	0.014
1	2.208	2	0.707	0.1	0.95	0.3	1	0.013
2	3.385	2	0.707	0.1	0.95	0.3	1	0.012
3	4.038	2	0.707	0.1	0.95	0.3	1	0.012
4	4.205	2	0.707	0.1	0.95	0.3	1	0.013
5	4.135	2	0.707	0.1	0.95	0.3	1	0.012
6	4.171	2	0.707	0.1	0.95	0.3	1	0.015
7	4.174	2	0.707	0.1	0.95	0.3	1	0.016
8	4.185	2	0.707	0.1	0.95	0.3	1	0.013
9	4.191	2	0.707	0.1	0.95	0.3	1	0.017
10	4.194	2	0.707	0.1	0.95	0.3	1	0.023
11	4.195	2	0.707	0.1	0.95	0.3	1	0.022
12	4.195	2	0.707	0.1	0.95	0.3	1	0.026
13	4.196	2	0.707	0.1	0.95	0.3	1	0.033
14	4.197	2	0.707	0.1	0.95	0.3	1	0.037
15	4.196	2	0.707	0.1	0.95	0.3	1	0.052
16	4.196	2	0.707	0.1	0.95	0.3	1	0.068
17	4.196	2	0.707	0.1	0.95	0.3	1	0.077
18	4.196	2	0.707	0.1	0.95	0.3	1	0.096
19	4.196	2	0.707	0.1	0.95	0.3	1	0.108
20	4.196	2	0.707	0.1	0.95	0.3	1	0.145
0	0.738	2	0.707	0.2	0.95	0.3	1	0.012
1	2.231	2	0.707	0.2	0.95	0.3	1	0.009
2	3.633	2	0.707	0.2	0.95	0.3	1	0.009
3	4.471	2	0.707	0.2	0.95	0.3	1	0.013
4	4.712	2	0.707	0.2	0.95	0.3	1	0.01
5	4.699	2	0.707	0.2	0.95	0.3	1	0.011
6	4.741	2	0.707	0.2	0.95	0.3	1	0.011
7	4.757	2	0.707	0.2	0.95	0.3	1	0.013
8	4.758	2	0.707	0.2	0.95	0.3	1	0.018
9	4.761	2	0.707	0.2	0.95	0.3	1	0.018
10	4.774	2	0.707	0.2	0.95	0.3	1	0.024
11	4.768	2	0.707	0.2	0.95	0.3	1	0.024
12	4.774	2	0.707	0.2	0.95	0.3	1	0.031
13	4.773	2	0.707	0.2	0.95	0.3	1	0.032
14	4.775	2	0.707	0.2	0.95	0.3	1	0.042
15	4.774	2	0.707	0.2	0.95	0.3	1	0.058
16	4.774	2	0.707	0.2	0.95	0.3	1	0.06
17	4.774	2	0.707	0.2	0.95	0.3	1	0.076
18	4.774	2	0.707	0.2	0.95	0.3	1	0.091
19	4.774	2	0.707	0.2	0.95	0.3	1	0.105
20	4.774	2	0.707	0.2	0.95	0.3	1	0.141
0	0.705	2	0.707	0.3	0.95	0.3	1	0.009
1	2.193	2	0.707	0.3	0.95	0.3	1	0.014
2	3.722	2	0.707	0.3	0.95	0.3	1	0.013
3	4.491	2	0.707	0.3	0.95	0.3	1	0.013
4	4.856	2	0.707	0.3	0.95	0.3	1	0.01
5	4.909	2	0.707	0.3	0.95	0.3	1	0.01
6	4.923	2	0.707	0.3	0.95	0.3	1	0.012
7	4.948	2	0.707	0.3	0.95	0.3	1	0.012
8	4.947	2	0.707	0.3	0.95	0.3	1	0.015
9	4.957	2	0.707	0.3	0.95	0.3	1	0.015
10	4.97	2	0.707	0.3	0.95	0.3	1	0.017
11	4.966	2	0.707	0.3	0.95	0.3	1	0.022
12	4.975	2	0.707	0.3	0.95	0.3	1	0.026
13	4.973	2	0.707	0.3	0.95	0.3	1	0.031
14	4.972	2	0.707	0.3	0.95	0.3	1	0.042
15	4.972	2	0.707	0.3	0.95	0.3	1	0.057
16	4.972	2	0.707	0.3	0.95	0.3	1	0.059
17	4.972	2	0.707	0.3	0.95	0.3	1	0.072
18	4.973	2	0.707	0.3	0.95	0.3	1	0.087
19	4.973	2	0.707	0.3	0.95	0.3	1	0.12
20	4.973	2	0.707	0.3	0.95	0.3	1	0.152
0	0.669	2	0.707	0.4	0.95	0.3	1	0.013
1	2.116	2	0.707	0.4	0.95	0.3	1	0.01
2	3.654	2	0.707	0.4	0.95	0.3	1	0.013
3	4.318	2	0.707	0.4	0.95	0.3	1	0.013
4	4.761	2	0.707	0.4	0.95	0.3	1	0.013
5	4.878	2	0.707	0.4	0.95	0.3	1	0.014
6	4.877	2	0.707	0.4	0.95	0.3	1	0.015
7	4.917	2	0.707	0.4	0.95	0.3	1	0.017
8	4.91	2	0.707	0.4	0.95	0.3	1	0.014
9	4.937	2	0.707	0.4	0.95	0.3	1	0.019
10	4.942	2	0.707	0.4	0.95	0.3	1	0.022
11	4.943	2	0.707	0.4	0.95	0.3	1	0.026
12	4.942	2	0.707	0.4	0.95	0.3	1	0.03
13	4.944	2	0.707	0.4	0.95	0.3	1	0.033
14	4.939	2	0.707	0.4	0.95	0.3	1	0.039
15	4.939	2	0.707	0.4	0.95	0.3	1	0.055
16	4.938	2	0.707	0.4	0.95	0.3	1	0.066
17	4.938	2	0.707	0.4	0.95	0.3	1	0.08
18	4.938	2	0.707	0.4	0.95	0.3	1	0.108
19	4.938	2	0.707	0.4	0.95	0.3	1	0.115
20	4.938	2	0.707	0.4	0.95	0.3	1	0.146
0	0.632	2	0.707	0.5	0.95	0.3	1	0.009
1	2.035	2	0.707	0.5	0.95	0.3	1	0.009
2	3.463	2	0.707	0.5	0.95	0.3	1	0.011
3	4.096	2	0.707	0.5	0.95	0.3	1	0.011
4	4.58	2	0.707	0.5	0.95	0.3	1	0.014
5	4.772	2	0.707	0.5	0.95	0.3	1	0.012
6	4.777	2	0.707	0.5	0.95	0.3	1	0.012
7	4.853	2	0.707	0.5	0.95	0.3	1	0.016
8	4.83	2	0.707	0.5	0.95	0.3	1	0.013
9	4.868	2	0.707	0.5	0.95	0.3	1	0.017
10	4.847	2	0.707	0.5	0.95	0.3	1	0.024
11	4.846	2	0.707	0.5	0.95	0.3	1	0.024
12	4.847	2	0.707	0.5	0.95	0.3	1	0.031
13	4.847	2	0.707	0.5	0.95	0.3	1	0.031
14	4.848	2	0.707	0.5	0.95	0.3	1	0.043
15	4.847	2	0.707	0.5	0.95	0.3	1	0.06
16	4.848	2	0.707	0.5	0.95	0.3	1	0.067
17	4.848	2	0.707	0.5	0.95	0.3	1	0.083
18	4.848	2	0.707	0.5	0.95	0.3	1	0.097
19	4.848	2	0.707	0.5	0.95	0.3	1	0.121
20	4.848	2	0.707	0.5	0.95	0.3	1	0.155
0	0.599	2	0.707	0.6	0.95	0.3	1	0.013
1	1.977	2	0.707	0.6	0.95	0.3	1	0.009
2	3.283	2	0.707	0.6	0.95	0.3	1	0.011
3	3.871	2	0.707	0.6	0.95	0.3	1	0.01
4	4.373	2	0.707	0.6	0.95	0.3	1	0.013
5	4.545	2	0.707	0.6	0.95	0.3	1	0.012
6	4.595	2	0.707	0.6	0.95	0.3	1	0.016
7	4.698	2	0.707	0.6	0.95	0.3	1	0.024
8	4.665	2	0.707	0.6	0.95	0.3	1	0.021
9	4.709	2	0.707	0.6	0.95	0.3	1	0.02
10	4.69	2	0.707	0.6	0.95	0.3	1	0.023
11	4.695	2	0.707	0.6	0.95	0.3	1	0.026
12	4.694	2	0.707	0.6	0.95	0.3	1	0.029
13	4.694	2	0.707	0.6	0.95	0.3	1	0.041
14	4.694	2	0.707	0.6	0.95	0.3	1	0.051
15	4.694	2	0.707	0.6	0.95	0.3	1	0.057
16	4.694	2	0.707	0.6	0.95	0.3	1	0.062
17	4.694	2	0.707	0.6	0.95	0.3	1	0.073
18	4.694	2	0.707	0.6	0.95	0.3	1	0.103
19	4.694	2	0.707	0.6	0.95	0.3	1	0.116
20	4.694	2	0.707	0.6	0.95	0.3	1	0.136
0	0.569	2	0.707	0.7	0.95	0.3	1	0.011
1	1.933	2	0.707	0.7	0.95	0.3	1	0.011
2	3.187	2	0.707	0.7	0.95	0.3	1	0.009
3	3.73	2	0.707	0.7	0.95	0.3	1	0.013
4	4.219	2	0.707	0.7	0.95	0.3	1	0.01
5	4.326	2	0.707	0.7	0.95	0.3	1	0.011
6	4.385	2	0.707	0.7	0.95	0.3	1	0.011
7	4.5	2	0.707	0.7	0.95	0.3	1	0.012
8	4.435	2	0.707	0.7	0.95	0.3	1	0.013
9	4.481	2	0.707	0.7	0.95	0.3	1	0.016
10	4.474	2	0.707	0.7	0.95	0.3	1	0.02
11	4.479	2	0.707	0.7	0.95	0.3	1	0.021
12	4.48	2	0.707	0.7	0.95	0.3	1	0.025
13	4.48	2	0.707	0.7	0.95	0.3	1	0.037
14	4.487	2	0.707	0.7	0.95	0.3	1	0.043
15	4.481	2	0.707	0.7	0.95	0.3	1	0.051
16	4.48	2	0.707	0.7	0.95	0.3	1	0.056
17	4.48	2	0.707	0.7	0.95	0.3	1	0.077
18	4.48	2	0.707	0.7	0.95	0.3	1	0.09
19	4.481	2	0.707	0.7	0.95	0.3	1	0.104
20	4.48	2	0.707	0.7	0.95	0.3	1	0.134
0	0.544	2	0.707	0.8	0.95	0.3	1	0.009
1	1.837	2	0.707	0.8	0.95	0.3	1	0.009
2	3.091	2	0.707	0.8	0.95	0.3	1	0.01
3	3.709	2	0.707	0.8	0.95	0.3	1	0.014
4	4.177	2	0.707	0.8	0.95	0.3	1	0.01
5	4.277	2	0.707	0.8	0.95	0.3	1	0.01
6	4.292	2	0.707	0.8	0.95	0.3	1	0.014
7	4.444	2	0.707	0.8	0.95	0.3	1	0.015
8	4.325	2	0.707	0.8	0.95	0.3	1	0.017
9	4.346	2	0.707	0.8	0.95	0.3	1	0.019
10	4.356	2	0.707	0.8	0.95	0.3	1	0.022
11	4.358	2	0.707	0.8	0.95	0.3	1	0.024
12	4.359	2	0.707	0.8	0.95	0.3	1	0.029
13	4.358	2	0.707	0.8	0.95	0.3	1	0.033
14	4.358	2	0.707	0.8	0.95	0.3	1	0.038
15	4.358	2	0.707	0.8	0.95	0.3	1	0.051
16	4.358	2	0.707	0.8	0.95	0.3	1	0.058
17	4.358	2	0.707	0.8	0.95	0.3	1	0.07
18	4.358	2	0.707	0.8	0.95	0.3	1	0.093
19	4.358	2	0.707	0.8	0.95	0.3	1	0.121
20	4.358	2	0.707	0.8	0.95	0.3	1	0.185
0	0.532	2	0.707	0.85	0.95	0.3	1	0.01
1	1.749	2	0.707	0.85	0.95	0.3	1	0.014
2	2.968	2	0.707	0.85	0.95	0.3	1	0.01
3	3.664	2	0.707	0.85	0.95	0.3	1	0.011
4	4.155	2	0.707	0.85	0.95	0.3	1	0.015
5	4.235	2	0.707	0.85	0.95	0.3	1	0.015
6	4.248	2	0.707	0.85	0.95	0.3	1	0.013
7	4.373	2	0.707	0.85	0.95	0.3	1	0.014
8	4.282	2	0.707	0.85	0.95	0.3	1	0.019
9	4.301	2	0.707	0.85	0.95	0.3	1	0.021
10	4.308	2	0.707	0.85	0.95	0.3	1	0.023
11	4.311	2	0.707	0.85	0.95	0.3	1	0.029
12	4.309	2	0.707	0.85	0.95	0.3	1	0.031
13	4.309	2	0.707	0.85	0.95	0.3	1	0.038
14	4.309	2	0.707	0.85	0.95	0.3	1	0.048
15	4.309	2	0.707	0.85	0.95	0.3	1	0.062
16	4.309	2	0.707	0.85	0.95	0.3	1	0.067
17	4.309	2	0.707	0.85	0.95	0.3	1	0.079
18	4.309	2	0.707	0.85	0.95	0.3	1	0.095
19	4.309	2	0.707	0.85	0.95	0.3	1	0.129
20	4.309	2	0.707	0.85	0.95	0.3	1	0.146
0	0.522	2	0.707	0.9	0.95	0.3	1	0.014
1	1.638	2	0.707	0.9	0.95	0.3	1	0.013
2	2.768	2	0.707	0.9	0.95	0.3	1	0.009
3	3.496	2	0.707	0.9	0.95	0.3	1	0.01
4	4.047	2	0.707	0.9	0.95	0.3	1	0.013
5	4.087	2	0.707	0.9	0.95	0.3	1	0.012
6	4.118	2	0.707	0.9	0.95	0.3	1	0.015
7	4.184	2	0.707	0.9	0.95	0.3	1	0.012
8	4.146	2	0.707	0.9	0.95	0.3	1	0.017
9	4.163	2	0.707	0.9	0.95	0.3	1	0.02
10	4.166	2	0.707	0.9	0.95	0.3	1	0.02
11	4.174	2	0.707	0.9	0.95	0.3	1	0.02
12	4.169	2	0.707	0.9	0.95	0.3	1	0.025
13	4.17	2	0.707	0.9	0.95	0.3	1	0.035
14	4.169	2	0.707	0.9	0.95	0.3	1	0.039
15	4.169	2	0.707	0.9	0.95	0.3	1	0.05
16	4.169	2	0.707	0.9	0.95	0.3	1	0.067
17	4.169	2	0.707	0.9	0.95	0.3	1	0.072
18	4.169	2	0.707	0.9	0.95	0.3	1	0.1
19	4.169	2	0.707	0.9	0.95	0.3	1	0.102
20	4.169	2	0.707	0.9	0.95	0.3	1	0.152
0	0.504	2	0.707	1	0.95	0.3	1	0.011
1	1.407	2	0.707	1	0.95	0.3	1	0.012
2	2.258	2	0.707	1	0.95	0.3	1	0.013
3	2.865	2	0.707	1	0.95	0.3	1	0.009
4	3.468	2	0.707	1	0.95	0.3	1	0.013
5	3.484	2	0.707	1	0.95	0.3	1	0.012
6	3.585	2	0.707	1	0.95	0.3	1	0.01
7	3.594	2	0.707	1	0.95	0.3	1	0.013
8	3.592	2	0.707	1	0.95	0.3	1	0.014
9	3.608	2	0.707	1	0.95	0.3	1	0.016
10	3.606	2	0.707	1	0.95	0.3	1	0.018
11	3.608	2	0.707	1	0.95	0.3	1	0.022
12	3.609	2	0.707	1	0.95	0.3	1	0.028
13	3.608	2	0.707	1	0.95	0.3	1	0.032
14	3.608	2	0.707	1	0.95	0.3	1	0.043
15	3.608	2	0.707	1	0.95	0.3	1	0.058
16	3.608	2	0.707	1	0.95	0.3	1	0.072
17	3.608	2	0.707	1	0.95	0.3	1	0.074
18	3.608	2	0.707	1	0.95	0.3	1	0.093
19	3.608	2	0.707	1	0.95	0.3	1	0.118
20	3.608	2	0.707	1	0.95	0.3	1	0.147
0	0.489	2	0.707	1.1	0.95	0.3	1	0.01
1	1.225	2	0.707	1.1	0.95	0.3	1	0.012
2	1.845	2	0.707	1.1	0.95	0.3	1	0.014
3	2.236	2	0.707	1.1	0.95	0.3	1	0.012
4	2.495	2	0.707	1.1	0.95	0.3	1	0.015
5	3.171	2	0.707	1.1	0.95	0.3	1	0.012
6	3.269	2	0.707	1.1	0.95	0.3	1	0.015
7	3.297	2	0.707	1.1	0.95	0.3	1	0.016
8	3.304	2	0.707	1.1	0.95	0.3	1	0.018
9	3.306	2	0.707	1.1	0.95	0.3	1	0.019
10	3.308	2	0.707	1.1	0.95	0.3	1	0.019
11	3.309	2	0.707	1.1	0.95	0.3	1	0.027
12	3.309	2	0.707	1.1	0.95	0.3	1	0.028
13	3.31	2	0.707	1.1	0.95	0.3	1	0.037
14	3.311	2	0.707	1.1	0.95	0.3	1	0.046
15	3.31	2	0.707	1.1	0.95	0.3	1	0.055
16	3.31	2	0.707	1.1	0.95	0.3	1	0.064
17	3.31	2	0.707	1.1	0.95	0.3	1	0.063
18	3.311	2	0.707	1.1	0.95	0.3	1	0.097
19	3.311	2	0.707	1.1	0.95	0.3	1	0.127
20	3.311	2	0.707	1.1	0.95	0.3	1	0.137
0	0.476	2	0.707	1.2	0.95	0.3	1	0.012
1	1.104	2	0.707	1.2	0.95	0.3	1	0.009
2	1.585	2	0.707	1.2	0.95	0.3	1	0.009
3	1.883	2	0.707	1.2	0.95	0.3	1	0.009
4	2.055	2	0.707	1.2	0.95	0.3	1	0.01
5	2.192	2	0.707	1.2	0.95	0.3	1	0.012
6	2.282	2	0.707	1.2	0.95	0.3	1	0.014
7	2.322	2	0.707	1.2	0.95	0.3	1	0.012
8	2.324	2	0.707	1.2	0.95	0.3	1	0.016
9	2.334	2	0.707	1.2	0.95	0.3	1	0.015
10	2.326	2	0.707	1.2	0.95	0.3	1	0.017
11	2.326	2	0.707	1.2	0.95	0.3	1	0.021
12	2.326	2	0.707	1.2	0.95	0.3	1	0.025
13	2.326	2	0.707	1.2	0.95	0.3	1	0.033
14	2.326	2	0.707	1.2	0.95	0.3	1	0.04
15	2.327	2	0.707	1.2	0.95	0.3	1	0.063
16	2.326	2	0.707	1.2	0.95	0.3	1	0.071
17	2.326	2	0.707	1.2	0.95	0.3	1	0.079
18	2.326	2	0.707	1.2	0.95	0.3	1	0.088
19	2.326	2	0.707	1.2	0.95	0.3	1	0.126
20	2.326	2	0.707	1.2	0.95	0.3	1	0.158
0	0.466	2	0.707	1.3	0.95	0.3	1	0.012
1	1.031	2	0.707	1.3	0.95	0.3	1	0.015
2	1.444	2	0.707	1.3	0.95	0.3	1	0.015
3	1.718	2	0.707	1.3	0.95	0.3	1	0.014
4	1.872	2	0.707	1.3	0.95	0.3	1	0.013
5	1.943	2	0.707	1.3	0.95	0.3	1	0.01
6	1.987	2	0.707	1.3	0.95	0.3	1	0.014
7	2.047	2	0.707	1.3	0.95	0.3	1	0.014
8	2.033	2	0.707	1.3	0.95	0.3	1	0.016
9	2.035	2	0.707	1.3	0.95	0.3	1	0.02
10	2.031	2	0.707	1.3	0.95	0.3	1	0.022
11	2.029	2	0.707	1.3	0.95	0.3	1	0.022
12	2.03	2	0.707	1.3	0.95	0.3	1	0.031
13	2.031	2	0.707	1.3	0.95	0.3	1	0.032
14	2.03	2	0.707	1.3	0.95	0.3	1	0.041
15	2.032	2	0.707	1.3	0.95	0.3	1	0.056
16	2.033	2	0.707	1.3	0.95	0.3	1	0.061
17	2.033	2	0.707	1.3	0.95	0.3	1	0.066
18	2.033	2	0.707	1.3	0.95	0.3	1	0.091
19	2.033	2	0.707	1.3	0.95	0.3	1	0.117
20	2.033	2	0.707	1.3	0.95	0.3	1	0.141
0	0.457	2	0.707	1.4	0.95	0.3	1	0.009
1	1	2	0.707	1.4	0.95	0.3	1	0.013
2	1.513	2	0.707	1.4	0.95	0.3	1	0.011
3	1.778	2	0.707	1.4	0.95	0.3	1	0.013
4	1.98	2	0.707	1.4	0.95	0.3	1	0.01
5	2.077	2	0.707	1.4	0.95	0.3	1	0.01
6	2.137	2	0.707	1.4	0.95	0.3	1	0.014
7	2.166	2	0.707	1.4	0.95	0.3	1	0.015
8	2.181	2	0.707	1.4	0.95	0.3	1	0.014
9	2.184	2	0.707	1.4	0.95	0.3	1	0.018
10	2.186	2	0.707	1.4	0.95	0.3	1	0.018
11	2.183	2	0.707	1.4	0.95	0.3	1	0.021
12	2.183	2	0.707	1.4	0.95	0.3	1	0.027
13	2.185	2	0.707	1.4	0.95	0.3	1	0.034
14	2.184	2	0.707	1.4	0.95	0.3	1	0.037
15	2.184	2	0.707	1.4	0.95	0.3	1	0.053
16	2.184	2	0.707	1.4	0.95	0.3	1	0.064
17	2.184	2	0.707	1.4	0.95	0.3	1	0.07
18	2.183	2	0.707	1.4	0.95	0.3	1	0.087
19	2.183	2	0.707	1.4	0.95	0.3	1	0.13
20	2.183	2	0.707	1.4	0.95	0.3	1	0.131
0	0.449	2	0.707	1.5	0.95	0.3	1	0.01
1	1.042	2	0.707	1.5	0.95	0.3	1	0.011
2	1.482	2	0.707	1.5	0.95	0.3	1	0.01
3	1.777	2	0.707	1.5	0.95	0.3	1	0.01
4	1.907	2	0.707	1.5	0.95	0.3	1	0.013
5	1.969	2	0.707	1.5	0.95	0.3	1	0.01
6	2.009	2	0.707	1.5	0.95	0.3	1	0.01
7	2.03	2	0.707	1.5	0.95	0.3	1	0.012
8	2.09	2	0.707	1.5	0.95	0.3	1	0.017
9	2.051	2	0.707	1.5	0.95	0.3	1	0.015
10	2.053	2	0.707	1.5	0.95	0.3	1	0.017
11	2.055	2	0.707	1.5	0.95	0.3	1	0.021
12	2.054	2	0.707	1.5	0.95	0.3	1	0.026
13	2.054	2	0.707	1.5	0.95	0.3	1	0.036
14	2.059	2	0.707	1.5	0.95	0.3	1	0.045
15	2.055	2	0.707	1.5	0.95	0.3	1	0.056
16	2.055	2	0.707	1.5	0.95	0.3	1	0.069
17	2.055	2	0.707	1.5	0.95	0.3	1	0.075
18	2.055	2	0.707	1.5	0.95	0.3	1	0.1
19	2.054	2	0.707	1.5	0.95	0.3	1	0.122
20	2.055	2	0.707	1.5	0.95	0.3	1	0.151
0	0.442	2	0.707	1.6	0.95	0.3	1	0.014
1	1.301	2	0.707	1.6	0.95	0.3	1	0.013
2	1.842	2	0.707	1.6	0.95	0.3	1	0.014
3	2.203	2	0.707	1.6	0.95	0.3	1	0.013
4	2.374	2	0.707	1.6	0.95	0.3	1	0.014
5	2.459	2	0.707	1.6	0.95	0.3	1	0.012
6	2.509	2	0.707	1.6	0.95	0.3	1	0.016
7	2.53	2	0.707	1.6	0.95	0.3	1	0.016
8	2.547	2	0.707	1.6	0.95	0.3	1	0.019
9	2.553	2	0.707	1.6	0.95	0.3	1	0.021
10	2.559	2	0.707	1.6	0.95	0.3	1	0.021
11	2.558	2	0.707	1.6	0.95	0.3	1	0.027
12	2.56	2	0.707	1.6	0.95	0.3	1	0.026
13	2.559	2	0.707	1.6	0.95	0.3	1	0.035
14	2.56	2	0.707	1.6	0.95	0.3	1	0.041
15	2.56	2	0.707	1.6	0.95	0.3	1	0.058
16	2.561	2	0.707	1.6	0.95	0.3	1	0.074
17	2.56	2	0.707	1.6	0.95	0.3	1	0.086
18	2.56	2	0.707	1.6	0.95	0.3	1	0.1
19	2.56	2	0.707	1.6	0.95	0.3	1	0.121
20	2.561	2	0.707	1.6	0.95	0.3	1	0.148
0	0.437	2	0.707	1.7	0.95	0.3	1	0.01
1	1.104	2	0.707	1.7	0.95	0.3	1	0.012
2	1.667	2	0.707	1.7	0.95	0.3	1	0.009
3	2.154	2	0.707	1.7	0.95	0.3	1	0.013
4	2.318	2	0.707	1.7	0.95	0.3	1	0.012
5	2.411	2	0.707	1.7	0.95	0.3	1	0.014
6	2.493	2	0.707	1.7	0.95	0.3	1	0.015
7	2.53	2	0.707	1.7	0.95	0.3	1	0.016
8	2.548	2	0.707	1.7	0.95	0.3	1	0.018
9	2.584	2	0.707	1.7	0.95	0.3	1	0.018
10	2.574	2	0.707	1.7	0.95	0.3	1	0.02
11	2.573	2	0.707	1.7	0.95	0.3	1	0.026
12	2.576	2	0.707	1.7	0.95	0.3	1	0.027
13	2.575	2	0.707	1.7	0.95	0.3	1	0.033
14	2.572	2	0.707	1.7	0.95	0.3	1	0.038
15	2.574	2	0.707	1.7	0.95	0.3	1	0.051
16	2.573	2	0.707	1.7	0.95	0.3	1	0.061
17	2.573	2	0.707	1.7	0.95	0.3	1	0.079
18	2.573	2	0.707	1.7	0.95	0.3	1	0.102
19	2.573	2	0.707	1.7	0.95	0.3	1	0.127
20	2.573	2	0.707	1.7	0.95	0.3	1	0.16
0	0.432	2	0.707	1.8	0.95	0.3	1	0.013
1	0.91	2	0.707	1.8	0.95	0.3	1	0.015
2	1.243	2	0.707	1.8	0.95	0.3	1	0.012
3	1.726	2	0.707	1.8	0.95	0.3	1	0.013
4	1.911	2	0.707	1.8	0.95	0.3	1	0.016
5	2.023	2	0.707	1.8	0.95	0.3	1	0.013
6	2.065	2	0.707	1.8	0.95	0.3	1	0.017
7	2.09	2	0.707	1.8	0.95	0.3	1	0.017
8	2.104	2	0.707	1.8	0.95	0.3	1	0.019
9	2.114	2	0.707	1.8	0.95	0.3	1	0.021
10	2.119	2	0.707	1.8	0.95	0.3	1	0.025
11	2.122	2	0.707	1.8	0.95	0.3	1	0.029
12	2.124	2	0.707	1.8	0.95	0.3	1	0.033
13	2.126	2	0.707	1.8	0.95	0.3	1	0.034
14	2.124	2	0.707	1.8	0.95	0.3	1	0.046
15	2.124	2	0.707	1.8	0.95	0.3	1	0.063
16	2.124	2	0.707	1.8	0.95	0.3	1	0.064
17	2.124	2	0.707	1.8	0.95	0.3	1	0.083
18	2.124	2	0.707	1.8	0.95	0.3	1	0.1
19	2.124	2	0.707	1.8	0.95	0.3	1	0.112
20	2.124	2	0.707	1.8	0.95	0.3	1	0.142
0	0.427	2	0.707	1.9	0.95	0.3	1	0.013
1	0.851	2	0.707	1.9	0.95	0.3	1	0.011
2	1.11	2	0.707	1.9	0.95	0.3	1	0.013
3	1.292	2	0.707	1.9	0.95	0.3	1	0.013
4	1.436	2	0.707	1.9	0.95	0.3	1	0.01
5	1.518	2	0.707	1.9	0.95	0.3	1	0.01
6	1.561	2	0.707	1.9	0.95	0.3	1	0.015
7	1.583	2	0.707	1.9	0.95	0.3	1	0.013
8	1.594	2	0.707	1.9	0.95	0.3	1	0.013
9	1.602	2	0.707	1.9	0.95	0.3	1	0.016
10	1.604	2	0.707	1.9	0.95	0.3	1	0.017
11	1.606	2	0.707	1.9	0.95	0.3	1	0.024
12	1.607	2	0.707	1.9	0.95	0.3	1	0.031
13	1.608	2	0.707	1.9	0.95	0.3	1	0.035
14	1.608	2	0.707	1.9	0.95	0.3	1	0.041
15	1.608	2	0.707	1.9	0.95	0.3	1	0.046
16	1.608	2	0.707	1.9	0.95	0.3	1	0.06
17	1.608	2	0.707	1.9	0.95	0.3	1	0.073
18	1.608	2	0.707	1.9	0.95	0.3	1	0.103
19	1.608	2	0.707	1.9	0.95	0.3	1	0.118
20	1.608	2	0.707	1.9	0.95	0.3	1	0.15
0	0.424	2	0.707	2	0.95	0.3	1	0.011
1	0.823	2	0.707	2	0.95	0.3	1	0.013
2	1.058	2	0.707	2	0.95	0.3	1	0.013
3	1.201	2	0.707	2	0.95	0.3	1	0.013
4	1.291	2	0.707	2	0.95	0.3	1	0.014
5	1.346	2	0.707	2	0.95	0.3	1	0.011
6	1.371	2	0.707	2	0.95	0.3	1	0.012
7	1.397	2	0.707	2	0.95	0.3	1	0.014
8	1.397	2	0.707	2	0.95	0.3	1	0.017
9	1.399	2	0.707	2	0.95	0.3	1	0.019
10	1.401	2	0.707	2	0.95	0.3	1	0.018
11	1.402	2	0.707	2	0.95	0.3	1	0.023
12	1.402	2	0.707	2	0.95	0.3	1	0.029
13	1.402	2	0.707	2	0.95	0.3	1	0.037
14	1.402	2	0.707	2	0.95	0.3	1	0.043
15	1.403	2	0.707	2	0.95	0.3	1	0.056
16	1.403	2	0.707	2	0.95	0.3	1	0.076
17	1.403	2	0.707	2	0.95	0.3	1	0.074
18	1.403	2	0.707	2	0.95	0.3	1	0.087
19	1.403	2	0.707	2	0.95	0.3	1	0.101
20	1.403	2	0.707	2	0.95	0.3	1	0.137
0	0.42	2	0.707	2.1	0.95	0.3	1	0.013
1	0.806	2	0.707	2.1	0.95	0.3	1	0.011
2	1.054	2	0.707	2.1	0.95	0.3	1	0.011
3	1.222	2	0.707	2.1	0.95	0.3	1	0.012
4	1.327	2	0.707	2.1	0.95	0.3	1	0.013
5	1.386	2	0.707	2.1	0.95	0.3	1	0.014
6	1.42	2	0.707	2.1	0.95	0.3	1	0.01
7	1.445	2	0.707	2.1	0.95	0.3	1	0.011
8	1.468	2	0.707	2.1	0.95	0.3	1	0.015
9	1.474	2	0.707	2.1	0.95	0.3	1	0.018
10	1.476	2	0.707	2.1	0.95	0.3	1	0.019
11	1.477	2	0.707	2.1	0.95	0.3	1	0.025
12	1.478	2	0.707	2.1	0.95	0.3	1	0.029
13	1.478	2	0.707	2.1	0.95	0.3	1	0.033
14	1.478	2	0.707	2.1	0.95	0.3	1	0.04
15	1.478	2	0.707	2.1	0.95	0.3	1	0.043
16	1.478	2	0.707	2.1	0.95	0.3	1	0.061
17	1.478	2	0.707	2.1	0.95	0.3	1	0.068
18	1.478	2	0.707	2.1	0.95	0.3	1	0.089
19	1.478	2	0.707	2.1	0.95	0.3	1	0.096
20	1.478	2	0.707	2.1	0.95	0.3	1	0.145
