Var1_ 1	Var1_ 2	Var1_ 3	Var1_ 4	Var1_ 5	Var1_ 6	Var1_ 7	Var1_ 8	Var1_ 9	Var1_10
0	0.313	3	0.707	0	1.28	0.6	1.1	0.9	0.038
1	1.577	3	0.707	0	1.28	0.6	1.1	0.9	0.027
2	3.402	3	0.707	0	1.28	0.6	1.1	0.9	0.023
3	4.984	3	0.707	0	1.28	0.6	1.1	0.9	0.026
4	5.674	3	0.707	0	1.28	0.6	1.1	0.9	0.044
5	5.94	3	0.707	0	1.28	0.6	1.1	0.9	0.062
6	6.191	3	0.707	0	1.28	0.6	1.1	0.9	0.118
7	6.306	3	0.707	0	1.28	0.6	1.1	0.9	0.235
8	6.372	3	0.707	0	1.28	0.6	1.1	0.9	0.413
9	6.42	3	0.707	0	1.28	0.6	1.1	0.9	1
10	6.447	3	0.707	0	1.28	0.6	1.1	0.9	2.268
11	6.456	3	0.707	0	1.28	0.6	1.1	0.9	4.724
12	6.461	3	0.707	0	1.28	0.6	1.1	0.9	9.773
13	6.46	3	0.707	0	1.28	0.6	1.1	0.9	13.646
14	6.461	3	0.707	0	1.28	0.6	1.1	0.9	28.075
15	6.462	3	0.707	0	1.28	0.6	1.1	0.9	42.04
16	6.463	3	0.707	0	1.28	0.6	1.1	0.9	42.551
17	6.467	3	0.707	0	1.28	0.6	1.1	0.9	42.112
18	6.466	3	0.707	0	1.28	0.6	1.1	0.9	42.58
19	6.466	3	0.707	0	1.28	0.6	1.1	0.9	42.888
20	6.466	3	0.707	0	1.28	0.6	1.1	0.9	42.347
0	0.288	3	0.707	0.4	1.28	0.6	1.1	0.9	0.023
1	1.654	3	0.707	0.4	1.28	0.6	1.1	0.9	0.024
2	3.722	3	0.707	0.4	1.28	0.6	1.1	0.9	0.023
3	6.403	3	0.707	0.4	1.28	0.6	1.1	0.9	0.026
4	8.095	3	0.707	0.4	1.28	0.6	1.1	0.9	0.039
5	9.181	3	0.707	0.4	1.28	0.6	1.1	0.9	0.057
6	9.544	3	0.707	0.4	1.28	0.6	1.1	0.9	0.121
7	9.766	3	0.707	0.4	1.28	0.6	1.1	0.9	0.243
8	9.819	3	0.707	0.4	1.28	0.6	1.1	0.9	0.538
9	9.939	3	0.707	0.4	1.28	0.6	1.1	0.9	1.093
10	9.925	3	0.707	0.4	1.28	0.6	1.1	0.9	2.309
11	9.987	3	0.707	0.4	1.28	0.6	1.1	0.9	4.516
12	10.022	3	0.707	0.4	1.28	0.6	1.1	0.9	9.416
13	10.006	3	0.707	0.4	1.28	0.6	1.1	0.9	14.06
14	10.031	3	0.707	0.4	1.28	0.6	1.1	0.9	27.761
15	10.032	3	0.707	0.4	1.28	0.6	1.1	0.9	41.42
16	10.034	3	0.707	0.4	1.28	0.6	1.1	0.9	42.022
17	10.036	3	0.707	0.4	1.28	0.6	1.1	0.9	42.504
18	10.052	3	0.707	0.4	1.28	0.6	1.1	0.9	41.607
19	10.043	3	0.707	0.4	1.28	0.6	1.1	0.9	42.038
20	10.042	3	0.707	0.4	1.28	0.6	1.1	0.9	43.438
0	0.245	3	0.707	0.8	1.28	0.6	1.1	0.9	0.021
1	1.382	3	0.707	0.8	1.28	0.6	1.1	0.9	0.051
2	3.42	3	0.707	0.8	1.28	0.6	1.1	0.9	0.055
3	5.776	3	0.707	0.8	1.28	0.6	1.1	0.9	0.031
4	7.466	3	0.707	0.8	1.28	0.6	1.1	0.9	0.033
5	8.432	3	0.707	0.8	1.28	0.6	1.1	0.9	0.05
6	8.881	3	0.707	0.8	1.28	0.6	1.1	0.9	0.133
7	9.216	3	0.707	0.8	1.28	0.6	1.1	0.9	0.238
8	9.428	3	0.707	0.8	1.28	0.6	1.1	0.9	0.511
9	9.602	3	0.707	0.8	1.28	0.6	1.1	0.9	1.131
10	9.709	3	0.707	0.8	1.28	0.6	1.1	0.9	2.387
11	9.838	3	0.707	0.8	1.28	0.6	1.1	0.9	4.804
12	9.856	3	0.707	0.8	1.28	0.6	1.1	0.9	9.666
13	9.893	3	0.707	0.8	1.28	0.6	1.1	0.9	13.779
14	9.899	3	0.707	0.8	1.28	0.6	1.1	0.9	27.812
15	9.906	3	0.707	0.8	1.28	0.6	1.1	0.9	41.286
16	9.921	3	0.707	0.8	1.28	0.6	1.1	0.9	42.475
17	9.912	3	0.707	0.8	1.28	0.6	1.1	0.9	43.091
18	9.917	3	0.707	0.8	1.28	0.6	1.1	0.9	41.824
19	9.916	3	0.707	0.8	1.28	0.6	1.1	0.9	42.457
20	9.917	3	0.707	0.8	1.28	0.6	1.1	0.9	42.669
0	0.213	3	0.707	1.2	1.28	0.6	1.1	0.9	0.023
1	1.456	3	0.707	1.2	1.28	0.6	1.1	0.9	0.023
2	3.046	3	0.707	1.2	1.28	0.6	1.1	0.9	0.023
3	4.494	3	0.707	1.2	1.28	0.6	1.1	0.9	0.033
4	5.516	3	0.707	1.2	1.28	0.6	1.1	0.9	0.038
5	6.288	3	0.707	1.2	1.28	0.6	1.1	0.9	0.054
6	6.535	3	0.707	1.2	1.28	0.6	1.1	0.9	0.101
7	6.752	3	0.707	1.2	1.28	0.6	1.1	0.9	0.241
8	6.877	3	0.707	1.2	1.28	0.6	1.1	0.9	0.535
9	6.962	3	0.707	1.2	1.28	0.6	1.1	0.9	1.074
10	7.016	3	0.707	1.2	1.28	0.6	1.1	0.9	2.357
11	7.048	3	0.707	1.2	1.28	0.6	1.1	0.9	4.697
12	7.071	3	0.707	1.2	1.28	0.6	1.1	0.9	9.563
13	7.082	3	0.707	1.2	1.28	0.6	1.1	0.9	13.651
14	7.099	3	0.707	1.2	1.28	0.6	1.1	0.9	28.252
15	7.091	3	0.707	1.2	1.28	0.6	1.1	0.9	41.787
16	7.093	3	0.707	1.2	1.28	0.6	1.1	0.9	42.194
17	7.094	3	0.707	1.2	1.28	0.6	1.1	0.9	42.48
18	7.094	3	0.707	1.2	1.28	0.6	1.1	0.9	43.266
19	7.097	3	0.707	1.2	1.28	0.6	1.1	0.9	42.836
20	7.095	3	0.707	1.2	1.28	0.6	1.1	0.9	42.898
0	0.203	3	0.707	1.4	1.28	0.6	1.1	0.9	0.025
1	0.976	3	0.707	1.4	1.28	0.6	1.1	0.9	0.034
2	2.034	3	0.707	1.4	1.28	0.6	1.1	0.9	0.023
3	2.879	3	0.707	1.4	1.28	0.6	1.1	0.9	0.041
4	3.639	3	0.707	1.4	1.28	0.6	1.1	0.9	0.032
5	4.158	3	0.707	1.4	1.28	0.6	1.1	0.9	0.059
6	4.546	3	0.707	1.4	1.28	0.6	1.1	0.9	0.108
7	4.734	3	0.707	1.4	1.28	0.6	1.1	0.9	0.224
8	4.836	3	0.707	1.4	1.28	0.6	1.1	0.9	0.501
9	4.919	3	0.707	1.4	1.28	0.6	1.1	0.9	1.128
10	4.987	3	0.707	1.4	1.28	0.6	1.1	0.9	2.44
11	4.997	3	0.707	1.4	1.28	0.6	1.1	0.9	4.882
12	5.001	3	0.707	1.4	1.28	0.6	1.1	0.9	9.559
13	5.014	3	0.707	1.4	1.28	0.6	1.1	0.9	13.714
14	5.014	3	0.707	1.4	1.28	0.6	1.1	0.9	27.61
15	5.019	3	0.707	1.4	1.28	0.6	1.1	0.9	42.053
16	5.021	3	0.707	1.4	1.28	0.6	1.1	0.9	42.109
17	5.016	3	0.707	1.4	1.28	0.6	1.1	0.9	42.075
18	5.02	3	0.707	1.4	1.28	0.6	1.1	0.9	42.413
19	5.017	3	0.707	1.4	1.28	0.6	1.1	0.9	43.061
20	5.022	3	0.707	1.4	1.28	0.6	1.1	0.9	43.109
0	0.198	3	0.707	1.5	1.28	0.6	1.1	0.9	0.022
1	0.804	3	0.707	1.5	1.28	0.6	1.1	0.9	0.034
2	1.535	3	0.707	1.5	1.28	0.6	1.1	0.9	0.022
3	2.394	3	0.707	1.5	1.28	0.6	1.1	0.9	0.027
4	2.912	3	0.707	1.5	1.28	0.6	1.1	0.9	0.037
5	3.449	3	0.707	1.5	1.28	0.6	1.1	0.9	0.064
6	3.702	3	0.707	1.5	1.28	0.6	1.1	0.9	0.126
7	3.917	3	0.707	1.5	1.28	0.6	1.1	0.9	0.224
8	4.039	3	0.707	1.5	1.28	0.6	1.1	0.9	0.5
9	4.118	3	0.707	1.5	1.28	0.6	1.1	0.9	1.118
10	4.147	3	0.707	1.5	1.28	0.6	1.1	0.9	2.388
11	4.165	3	0.707	1.5	1.28	0.6	1.1	0.9	4.816
12	4.186	3	0.707	1.5	1.28	0.6	1.1	0.9	9.627
13	4.174	3	0.707	1.5	1.28	0.6	1.1	0.9	13.628
14	4.189	3	0.707	1.5	1.28	0.6	1.1	0.9	27.534
15	4.203	3	0.707	1.5	1.28	0.6	1.1	0.9	41.702
16	4.183	3	0.707	1.5	1.28	0.6	1.1	0.9	42.406
17	4.2	3	0.707	1.5	1.28	0.6	1.1	0.9	42.051
18	4.2	3	0.707	1.5	1.28	0.6	1.1	0.9	41.634
19	4.197	3	0.707	1.5	1.28	0.6	1.1	0.9	42.767
20	4.199	3	0.707	1.5	1.28	0.6	1.1	0.9	41.839
0	0.195	3	0.707	1.6	1.28	0.6	1.1	0.9	0.03
1	0.723	3	0.707	1.6	1.28	0.6	1.1	0.9	0.021
2	1.349	3	0.707	1.6	1.28	0.6	1.1	0.9	0.028
3	2.225	3	0.707	1.6	1.28	0.6	1.1	0.9	0.027
4	2.612	3	0.707	1.6	1.28	0.6	1.1	0.9	0.033
5	3.076	3	0.707	1.6	1.28	0.6	1.1	0.9	0.058
6	3.416	3	0.707	1.6	1.28	0.6	1.1	0.9	0.115
7	3.67	3	0.707	1.6	1.28	0.6	1.1	0.9	0.228
8	3.762	3	0.707	1.6	1.28	0.6	1.1	0.9	0.493
9	3.814	3	0.707	1.6	1.28	0.6	1.1	0.9	0.989
10	3.855	3	0.707	1.6	1.28	0.6	1.1	0.9	2.238
11	3.893	3	0.707	1.6	1.28	0.6	1.1	0.9	4.669
12	3.903	3	0.707	1.6	1.28	0.6	1.1	0.9	9.271
13	3.906	3	0.707	1.6	1.28	0.6	1.1	0.9	13.017
14	3.915	3	0.707	1.6	1.28	0.6	1.1	0.9	26.386
15	3.915	3	0.707	1.6	1.28	0.6	1.1	0.9	40.151
16	3.915	3	0.707	1.6	1.28	0.6	1.1	0.9	41.656
17	3.917	3	0.707	1.6	1.28	0.6	1.1	0.9	42.239
18	3.918	3	0.707	1.6	1.28	0.6	1.1	0.9	42.576
19	3.92	3	0.707	1.6	1.28	0.6	1.1	0.9	42.49
20	3.92	3	0.707	1.6	1.28	0.6	1.1	0.9	42.235
0	0.188	3	0.707	1.8	1.28	0.6	1.1	0.9	0.022
1	0.659	3	0.707	1.8	1.28	0.6	1.1	0.9	0.041
2	1.197	3	0.707	1.8	1.28	0.6	1.1	0.9	0.024
3	1.722	3	0.707	1.8	1.28	0.6	1.1	0.9	0.029
4	2	3	0.707	1.8	1.28	0.6	1.1	0.9	0.037
5	2.274	3	0.707	1.8	1.28	0.6	1.1	0.9	0.054
6	2.46	3	0.707	1.8	1.28	0.6	1.1	0.9	0.114
7	2.502	3	0.707	1.8	1.28	0.6	1.1	0.9	0.231
8	2.61	3	0.707	1.8	1.28	0.6	1.1	0.9	0.528
9	2.681	3	0.707	1.8	1.28	0.6	1.1	0.9	1.058
10	2.733	3	0.707	1.8	1.28	0.6	1.1	0.9	2.436
11	2.755	3	0.707	1.8	1.28	0.6	1.1	0.9	4.739
12	2.773	3	0.707	1.8	1.28	0.6	1.1	0.9	9.341
13	2.784	3	0.707	1.8	1.28	0.6	1.1	0.9	13.775
14	2.79	3	0.707	1.8	1.28	0.6	1.1	0.9	27.919
15	2.793	3	0.707	1.8	1.28	0.6	1.1	0.9	42.063
16	2.799	3	0.707	1.8	1.28	0.6	1.1	0.9	41.338
17	2.801	3	0.707	1.8	1.28	0.6	1.1	0.9	41.596
18	2.801	3	0.707	1.8	1.28	0.6	1.1	0.9	41.008
19	2.804	3	0.707	1.8	1.28	0.6	1.1	0.9	41.461
20	2.802	3	0.707	1.8	1.28	0.6	1.1	0.9	41.781
0	0.183	3	0.707	2	1.28	0.6	1.1	0.9	0.024
1	0.897	3	0.707	2	1.28	0.6	1.1	0.9	0.021
2	1.859	3	0.707	2	1.28	0.6	1.1	0.9	0.022
3	2.557	3	0.707	2	1.28	0.6	1.1	0.9	0.031
4	2.886	3	0.707	2	1.28	0.6	1.1	0.9	0.046
5	3.153	3	0.707	2	1.28	0.6	1.1	0.9	0.065
6	3.371	3	0.707	2	1.28	0.6	1.1	0.9	0.12
7	3.47	3	0.707	2	1.28	0.6	1.1	0.9	0.249
8	3.566	3	0.707	2	1.28	0.6	1.1	0.9	0.517
9	3.63	3	0.707	2	1.28	0.6	1.1	0.9	1.11
10	3.658	3	0.707	2	1.28	0.6	1.1	0.9	2.266
11	3.687	3	0.707	2	1.28	0.6	1.1	0.9	4.365
12	3.7	3	0.707	2	1.28	0.6	1.1	0.9	8.789
13	3.705	3	0.707	2	1.28	0.6	1.1	0.9	13.74
14	3.706	3	0.707	2	1.28	0.6	1.1	0.9	28.06
15	3.712	3	0.707	2	1.28	0.6	1.1	0.9	41.907
16	3.713	3	0.707	2	1.28	0.6	1.1	0.9	42.117
17	3.714	3	0.707	2	1.28	0.6	1.1	0.9	42.588
18	3.715	3	0.707	2	1.28	0.6	1.1	0.9	42.188
19	3.718	3	0.707	2	1.28	0.6	1.1	0.9	42.805
20	3.716	3	0.707	2	1.28	0.6	1.1	0.9	42.986
0	0.179	3	0.707	2.2	1.28	0.6	1.1	0.9	0.021
1	0.59	3	0.707	2.2	1.28	0.6	1.1	0.9	0.021
2	1.155	3	0.707	2.2	1.28	0.6	1.1	0.9	0.032
3	1.735	3	0.707	2.2	1.28	0.6	1.1	0.9	0.029
4	2.16	3	0.707	2.2	1.28	0.6	1.1	0.9	0.033
5	2.493	3	0.707	2.2	1.28	0.6	1.1	0.9	0.053
6	2.61	3	0.707	2.2	1.28	0.6	1.1	0.9	0.122
7	2.732	3	0.707	2.2	1.28	0.6	1.1	0.9	0.256
8	2.762	3	0.707	2.2	1.28	0.6	1.1	0.9	0.482
9	2.805	3	0.707	2.2	1.28	0.6	1.1	0.9	1.041
10	2.826	3	0.707	2.2	1.28	0.6	1.1	0.9	2.387
11	2.843	3	0.707	2.2	1.28	0.6	1.1	0.9	4.735
12	2.844	3	0.707	2.2	1.28	0.6	1.1	0.9	9.265
13	2.849	3	0.707	2.2	1.28	0.6	1.1	0.9	14.092
14	2.849	3	0.707	2.2	1.28	0.6	1.1	0.9	27.838
15	2.847	3	0.707	2.2	1.28	0.6	1.1	0.9	41.786
16	2.846	3	0.707	2.2	1.28	0.6	1.1	0.9	41.867
17	2.847	3	0.707	2.2	1.28	0.6	1.1	0.9	42.061
18	2.848	3	0.707	2.2	1.28	0.6	1.1	0.9	42.231
19	2.847	3	0.707	2.2	1.28	0.6	1.1	0.9	42.72
20	2.848	3	0.707	2.2	1.28	0.6	1.1	0.9	42.593
0	0.176	3	0.707	2.4	1.28	0.6	1.1	0.9	0.021
1	0.57	3	0.707	2.4	1.28	0.6	1.1	0.9	0.028
2	0.92	3	0.707	2.4	1.28	0.6	1.1	0.9	0.022
3	1.175	3	0.707	2.4	1.28	0.6	1.1	0.9	0.031
4	1.367	3	0.707	2.4	1.28	0.6	1.1	0.9	0.036
5	1.466	3	0.707	2.4	1.28	0.6	1.1	0.9	0.067
6	1.526	3	0.707	2.4	1.28	0.6	1.1	0.9	0.113
7	1.557	3	0.707	2.4	1.28	0.6	1.1	0.9	0.27
8	1.582	3	0.707	2.4	1.28	0.6	1.1	0.9	0.473
9	1.589	3	0.707	2.4	1.28	0.6	1.1	0.9	1.001
10	1.598	3	0.707	2.4	1.28	0.6	1.1	0.9	2.338
11	1.607	3	0.707	2.4	1.28	0.6	1.1	0.9	4.595
12	1.609	3	0.707	2.4	1.28	0.6	1.1	0.9	9.475
13	1.61	3	0.707	2.4	1.28	0.6	1.1	0.9	13.767
14	1.61	3	0.707	2.4	1.28	0.6	1.1	0.9	27.993
15	1.612	3	0.707	2.4	1.28	0.6	1.1	0.9	42.314
16	1.612	3	0.707	2.4	1.28	0.6	1.1	0.9	41.122
17	1.612	3	0.707	2.4	1.28	0.6	1.1	0.9	41.964
18	1.612	3	0.707	2.4	1.28	0.6	1.1	0.9	41.905
19	1.612	3	0.707	2.4	1.28	0.6	1.1	0.9	40.827
20	1.612	3	0.707	2.4	1.28	0.6	1.1	0.9	41.153
