Var1_ 1	Var1_ 2	Var1_ 3	Var1_ 4	Var1_ 5	Var1_ 6	Var1_ 7	Var1_ 8	Var1_ 9	Var1_10	Var1_11
0	2	4	0.708	0	1.37	0.7	1	1	1	0.049
1	3.308	4	0.708	0	1.37	0.7	1	1	1	0.054
2	4.891	4	0.708	0	1.37	0.7	1	1	1	0.07
3	6.483	4	0.708	0	1.37	0.7	1	1	1	0.085
4	7.717	4	0.708	0	1.37	0.7	1	1	1	0.427
5	8.491	4	0.708	0	1.37	0.7	1	1	1	2.507
6	8.922	4	0.708	0	1.37	0.7	1	1	1	13.548
7	9.243	4	0.708	0	1.37	0.7	1	1	1	53.075
8	9.44	4	0.708	0	1.37	0.7	1	1	1	168.649
9	9.565	4	0.708	0	1.37	0.7	1	1	1	337.197
10	9.647	4	0.708	0	1.37	0.7	1	1	1	401.58
11	9.681	4	0.708	0	1.37	0.7	1	1	1	509.406
12	9.679	4	0.708	0	1.37	0.7	1	1	1	517.828
0	1.959	4	0.708	0.2	1.37	0.7	1	1	1	0.04
1	3.525	4	0.708	0.2	1.37	0.7	1	1	1	0.04
2	5.375	4	0.708	0.2	1.37	0.7	1	1	1	0.047
3	7.959	4	0.708	0.2	1.37	0.7	1	1	1	0.095
4	9.807	4	0.708	0.2	1.37	0.7	1	1	1	0.437
5	11.984	4	0.708	0.2	1.37	0.7	1	1	1	2.435
6	13.468	4	0.708	0.2	1.37	0.7	1	1	1	13.029
7	14.473	4	0.708	0.2	1.37	0.7	1	1	1	55.602
8	14.879	4	0.708	0.2	1.37	0.7	1	1	1	170.922
9	15.185	4	0.708	0.2	1.37	0.7	1	1	1	334.626
10	15.397	4	0.708	0.2	1.37	0.7	1	1	1	447.415
11	15.504	4	0.708	0.2	1.37	0.7	1	1	1	516.466
12	15.553	4	0.708	0.2	1.37	0.7	1	1	1	623.159
0	1.79	4	0.708	0.5	1.37	0.7	1	1	1	0.049
1	3.819	4	0.708	0.5	1.37	0.7	1	1	1	0.061
2	5.66	4	0.708	0.5	1.37	0.7	1	1	1	0.048
3	8.73	4	0.708	0.5	1.37	0.7	1	1	1	0.121
4	12.62	4	0.708	0.5	1.37	0.7	1	1	1	0.448
5	15.609	4	0.708	0.5	1.37	0.7	1	1	1	2.482
6	17.615	4	0.708	0.5	1.37	0.7	1	1	1	13.432
7	18.983	4	0.708	0.5	1.37	0.7	1	1	1	51.89
8	19.607	4	0.708	0.5	1.37	0.7	1	1	1	169.225
9	20.429	4	0.708	0.5	1.37	0.7	1	1	1	342.497
10	20.997	4	0.708	0.5	1.37	0.7	1	1	1	480.295
11	21.347	4	0.708	0.5	1.37	0.7	1	1	1	543.184
12	21.615	4	0.708	0.5	1.37	0.7	1	1	1	684.946
0	1.657	4	0.708	0.7	1.37	0.7	1	1	1	0.041
1	3.413	4	0.708	0.7	1.37	0.7	1	1	1	0.041
2	5.479	4	0.708	0.7	1.37	0.7	1	1	1	0.048
3	8.54	4	0.708	0.7	1.37	0.7	1	1	1	0.092
4	11.891	4	0.708	0.7	1.37	0.7	1	1	1	0.382
5	15.158	4	0.708	0.7	1.37	0.7	1	1	1	2.308
6	17.165	4	0.708	0.7	1.37	0.7	1	1	1	12.774
7	18.415	4	0.708	0.7	1.37	0.7	1	1	1	53.189
8	19.399	4	0.708	0.7	1.37	0.7	1	1	1	165.508
9	20.049	4	0.708	0.7	1.37	0.7	1	1	1	328.272
10	20.702	4	0.708	0.7	1.37	0.7	1	1	1	502.924
11	21.092	4	0.708	0.7	1.37	0.7	1	1	1	605.207
12	21.341	4	0.708	0.7	1.37	0.7	1	1	1	663.759
0	1.595	4	0.708	0.8	1.37	0.7	1	1	1	0.055
1	3.336	4	0.708	0.8	1.37	0.7	1	1	1	0.04
2	5.43	4	0.708	0.8	1.37	0.7	1	1	1	0.047
3	8.412	4	0.708	0.8	1.37	0.7	1	1	1	0.098
4	11.6	4	0.708	0.8	1.37	0.7	1	1	1	0.372
5	14.706	4	0.708	0.8	1.37	0.7	1	1	1	2.411
6	16.639	4	0.708	0.8	1.37	0.7	1	1	1	13.782
7	18.104	4	0.708	0.8	1.37	0.7	1	1	1	53.706
8	19.09	4	0.708	0.8	1.37	0.7	1	1	1	165.365
9	19.812	4	0.708	0.8	1.37	0.7	1	1	1	328.877
10	20.418	4	0.708	0.8	1.37	0.7	1	1	1	496.699
11	20.881	4	0.708	0.8	1.37	0.7	1	1	1	612.563
12	21.089	4	0.708	0.8	1.37	0.7	1	1	1	680.183
0	1.484	4	0.708	1	1.37	0.7	1	1	1	0.049
1	3.385	4	0.708	1	1.37	0.7	1	1	1	0.048
2	5.247	4	0.708	1	1.37	0.7	1	1	1	0.054
3	7.481	4	0.708	1	1.37	0.7	1	1	1	0.109
4	10.365	4	0.708	1	1.37	0.7	1	1	1	0.399
5	13.18	4	0.708	1	1.37	0.7	1	1	1	2.571
6	15.13	4	0.708	1	1.37	0.7	1	1	1	13.375
7	16.832	4	0.708	1	1.37	0.7	1	1	1	54.551
8	17.858	4	0.708	1	1.37	0.7	1	1	1	169.315
9	18.611	4	0.708	1	1.37	0.7	1	1	1	330.539
10	19.229	4	0.708	1	1.37	0.7	1	1	1	504.129
11	19.548	4	0.708	1	1.37	0.7	1	1	1	620.647
12	19.753	4	0.708	1	1.37	0.7	1	1	1	739.362
0	1.395	4	0.708	1.2	1.37	0.7	1	1	1	0.06
1	2.984	4	0.708	1.2	1.37	0.7	1	1	1	0.051
2	4.687	4	0.708	1.2	1.37	0.7	1	1	1	0.049
3	6.091	4	0.708	1.2	1.37	0.7	1	1	1	0.09
4	8.09	4	0.708	1.2	1.37	0.7	1	1	1	0.417
5	10.218	4	0.708	1.2	1.37	0.7	1	1	1	2.435
6	12.047	4	0.708	1.2	1.37	0.7	1	1	1	13.639
7	13.305	4	0.708	1.2	1.37	0.7	1	1	1	55.997
8	14.154	4	0.708	1.2	1.37	0.7	1	1	1	167.519
9	14.915	4	0.708	1.2	1.37	0.7	1	1	1	342.855
10	15.327	4	0.708	1.2	1.37	0.7	1	1	1	506.934
11	15.591	4	0.708	1.2	1.37	0.7	1	1	1	637.749
12	15.736	4	0.708	1.2	1.37	0.7	1	1	1	757.386
0	1.324	4	0.708	1.4	1.37	0.7	1	1	1	0.039
1	2.051	4	0.708	1.4	1.37	0.7	1	1	1	0.052
2	3.058	4	0.708	1.4	1.37	0.7	1	1	1	0.043
3	4.37	4	0.708	1.4	1.37	0.7	1	1	1	0.095
4	5.942	4	0.708	1.4	1.37	0.7	1	1	1	0.423
5	7.516	4	0.708	1.4	1.37	0.7	1	1	1	2.477
6	8.894	4	0.708	1.4	1.37	0.7	1	1	1	13.671
7	9.675	4	0.708	1.4	1.37	0.7	1	1	1	55.02
8	10.345	4	0.708	1.4	1.37	0.7	1	1	1	168.499
9	10.844	4	0.708	1.4	1.37	0.7	1	1	1	343.182
10	11.142	4	0.708	1.4	1.37	0.7	1	1	1	515.926
11	11.324	4	0.708	1.4	1.37	0.7	1	1	1	630.83
12	11.372	4	0.708	1.4	1.37	0.7	1	1	1	748.073
0	1.294	4	0.708	1.5	1.37	0.7	1	1	1	0.045
1	2.154	4	0.708	1.5	1.37	0.7	1	1	1	0.046
2	3.458	4	0.708	1.5	1.37	0.7	1	1	1	0.051
3	4.546	4	0.708	1.5	1.37	0.7	1	1	1	0.107
4	5.793	4	0.708	1.5	1.37	0.7	1	1	1	0.422
5	7.006	4	0.708	1.5	1.37	0.7	1	1	1	2.441
6	7.973	4	0.708	1.5	1.37	0.7	1	1	1	12.924
7	8.875	4	0.708	1.5	1.37	0.7	1	1	1	53.32
8	9.394	4	0.708	1.5	1.37	0.7	1	1	1	160.813
9	9.864	4	0.708	1.5	1.37	0.7	1	1	1	298.622
10	10.11	4	0.708	1.5	1.37	0.7	1	1	1	492.345
11	10.301	4	0.708	1.5	1.37	0.7	1	1	1	621.54
12	10.47	4	0.708	1.5	1.37	0.7	1	1	1	757.402
0	1.268	4	0.708	1.6	1.37	0.7	1	1	1	0.06
1	2.487	4	0.708	1.6	1.37	0.7	1	1	1	0.046
2	3.398	4	0.708	1.6	1.37	0.7	1	1	1	0.062
3	4.501	4	0.708	1.6	1.37	0.7	1	1	1	0.127
4	5.345	4	0.708	1.6	1.37	0.7	1	1	1	0.474
5	6.242	4	0.708	1.6	1.37	0.7	1	1	1	2.497
6	7.072	4	0.708	1.6	1.37	0.7	1	1	1	13.494
7	7.612	4	0.708	1.6	1.37	0.7	1	1	1	56.565
8	8.137	4	0.708	1.6	1.37	0.7	1	1	1	170.81
9	8.449	4	0.708	1.6	1.37	0.7	1	1	1	345.096
10	8.692	4	0.708	1.6	1.37	0.7	1	1	1	516.818
11	8.835	4	0.708	1.6	1.37	0.7	1	1	1	633.377
12	8.905	4	0.708	1.6	1.37	0.7	1	1	1	757.287
0	1.225	4	0.708	1.8	1.37	0.7	1	1	1	0.039
1	1.61	4	0.708	1.8	1.37	0.7	1	1	1	0.053
2	2.269	4	0.708	1.8	1.37	0.7	1	1	1	0.047
3	2.822	4	0.708	1.8	1.37	0.7	1	1	1	0.101
4	3.379	4	0.708	1.8	1.37	0.7	1	1	1	0.451
5	4.023	4	0.708	1.8	1.37	0.7	1	1	1	2.339
6	4.743	4	0.708	1.8	1.37	0.7	1	1	1	13.564
7	5.181	4	0.708	1.8	1.37	0.7	1	1	1	54.606
8	5.446	4	0.708	1.8	1.37	0.7	1	1	1	171.078
9	5.627	4	0.708	1.8	1.37	0.7	1	1	1	331.501
10	5.728	4	0.708	1.8	1.37	0.7	1	1	1	518.163
11	5.838	4	0.708	1.8	1.37	0.7	1	1	1	634.624
12	5.919	4	0.708	1.8	1.37	0.7	1	1	1	757.937
0	1.19	4	0.708	2	1.37	0.7	1	1	1	0.044
1	1.482	4	0.708	2	1.37	0.7	1	1	1	0.073
2	2.188	4	0.708	2	1.37	0.7	1	1	1	0.047
3	2.809	4	0.708	2	1.37	0.7	1	1	1	0.099
4	3.261	4	0.708	2	1.37	0.7	1	1	1	0.402
5	3.686	4	0.708	2	1.37	0.7	1	1	1	2.534
6	4.119	4	0.708	2	1.37	0.7	1	1	1	13.899
7	4.302	4	0.708	2	1.37	0.7	1	1	1	55.994
8	4.415	4	0.708	2	1.37	0.7	1	1	1	169.664
9	4.51	4	0.708	2	1.37	0.7	1	1	1	341.39
10	4.602	4	0.708	2	1.37	0.7	1	1	1	518.435
11	4.659	4	0.708	2	1.37	0.7	1	1	1	637.084
12	4.701	4	0.708	2	1.37	0.7	1	1	1	754.725
0	1.162	4	0.708	2.2	1.37	0.7	1	1	1	0.042
1	1.261	4	0.708	2.2	1.37	0.7	1	1	1	0.042
2	2.012	4	0.708	2.2	1.37	0.7	1	1	1	0.049
3	2.827	4	0.708	2.2	1.37	0.7	1	1	1	0.111
4	3.087	4	0.708	2.2	1.37	0.7	1	1	1	0.427
5	3.55	4	0.708	2.2	1.37	0.7	1	1	1	2.43
6	3.83	4	0.708	2.2	1.37	0.7	1	1	1	13.692
7	4.109	4	0.708	2.2	1.37	0.7	1	1	1	55.052
8	4.232	4	0.708	2.2	1.37	0.7	1	1	1	170.004
9	4.334	4	0.708	2.2	1.37	0.7	1	1	1	343.682
10	4.4	4	0.708	2.2	1.37	0.7	1	1	1	522.467
11	4.426	4	0.708	2.2	1.37	0.7	1	1	1	638.608
12	4.448	4	0.708	2.2	1.37	0.7	1	1	1	705.376
0	1.131	4	0.708	2.5	1.37	0.7	1	1	1	0.059
1	1.864	4	0.708	2.5	1.37	0.7	1	1	1	0.044
2	2.443	4	0.708	2.5	1.37	0.7	1	1	1	0.048
3	2.929	4	0.708	2.5	1.37	0.7	1	1	1	0.098
4	3.168	4	0.708	2.5	1.37	0.7	1	1	1	0.469
5	3.428	4	0.708	2.5	1.37	0.7	1	1	1	2.55
6	3.645	4	0.708	2.5	1.37	0.7	1	1	1	13.492
7	3.731	4	0.708	2.5	1.37	0.7	1	1	1	55.59
8	3.817	4	0.708	2.5	1.37	0.7	1	1	1	171.597
9	3.865	4	0.708	2.5	1.37	0.7	1	1	1	342.733
10	3.9	4	0.708	2.5	1.37	0.7	1	1	1	462.089
11	3.903	4	0.708	2.5	1.37	0.7	1	1	1	524.016
12	3.912	4	0.708	2.5	1.37	0.7	1	1	1	648.191
