Var1_ 1	Var1_ 2	Var1_ 3	Var1_ 4	Var1_ 5	Var1_ 6	Var1_ 7	Var1_ 8	Var1_ 9	Var1_10	Var1_11
0	-0	0	0	2	0.707	0	0.95	0.3	1	0.02
1	0	-0.149	0	2	0.707	0	0.95	0.3	1	0.013
2	-0	-0.229	0	2	0.707	0	0.95	0.3	1	0.013
3	-0	-0.151	0	2	0.707	0	0.95	0.3	1	0.015
4	0	-0.111	0	2	0.707	0	0.95	0.3	1	0.017
5	-0	-0.099	0	2	0.707	0	0.95	0.3	1	0.02
6	-0	-0.095	0	2	0.707	0	0.95	0.3	1	0.02
7	-0	-0.093	0	2	0.707	0	0.95	0.3	1	0.028
8	-0	-0.091	0	2	0.707	0	0.95	0.3	1	0.029
9	0	-0.091	0	2	0.707	0	0.95	0.3	1	0.031
10	0	-0.09	0	2	0.707	0	0.95	0.3	1	0.039
11	0	-0.09	0	2	0.707	0	0.95	0.3	1	0.056
12	0	-0.09	0	2	0.707	0	0.95	0.3	1	0.072
13	-0	-0.09	0	2	0.707	0	0.95	0.3	1	0.098
14	0	-0.09	0	2	0.707	0	0.95	0.3	1	0.152
15	-0	-0.09	0	2	0.707	0	0.95	0.3	1	0.168
16	-0	-0.09	0	2	0.707	0	0.95	0.3	1	0.261
17	0	-0.09	0	2	0.707	0	0.95	0.3	1	0.323
18	-0	-0.09	0	2	0.707	0	0.95	0.3	1	0.36
19	-0	-0.09	0	2	0.707	0	0.95	0.3	1	0.611
20	-0	-0.09	0	2	0.707	0	0.95	0.3	1	0.667
0	0.072	0.683	0	2	0.707	0.1	0.95	0.3	1	0.014
1	-0.017	-0.148	0	2	0.707	0.1	0.95	0.3	1	0.01
2	-0.031	-0.226	0	2	0.707	0.1	0.95	0.3	1	0.013
3	-0.025	-0.144	0	2	0.707	0.1	0.95	0.3	1	0.012
4	-0.022	-0.105	0	2	0.707	0.1	0.95	0.3	1	0.012
5	-0.021	-0.094	0	2	0.707	0.1	0.95	0.3	1	0.012
6	-0.021	-0.091	0	2	0.707	0.1	0.95	0.3	1	0.014
7	-0.021	-0.089	0	2	0.707	0.1	0.95	0.3	1	0.017
8	-0.02	-0.088	0	2	0.707	0.1	0.95	0.3	1	0.024
9	-0.02	-0.087	0	2	0.707	0.1	0.95	0.3	1	0.027
10	-0.02	-0.087	0	2	0.707	0.1	0.95	0.3	1	0.037
11	-0.02	-0.086	0	2	0.707	0.1	0.95	0.3	1	0.05
12	-0.02	-0.086	0	2	0.707	0.1	0.95	0.3	1	0.072
13	-0.02	-0.086	0	2	0.707	0.1	0.95	0.3	1	0.105
14	-0.02	-0.086	0	2	0.707	0.1	0.95	0.3	1	0.133
15	-0.02	-0.086	0	2	0.707	0.1	0.95	0.3	1	0.192
16	-0.02	-0.086	0	2	0.707	0.1	0.95	0.3	1	0.222
17	-0.02	-0.086	0	2	0.707	0.1	0.95	0.3	1	0.321
18	-0.02	-0.086	0	2	0.707	0.1	0.95	0.3	1	0.425
19	-0.02	-0.086	0	2	0.707	0.1	0.95	0.3	1	0.546
20	-0.02	-0.086	0	2	0.707	0.1	0.95	0.3	1	0.699
0	0.192	0.912	0	2	0.707	0.2	0.95	0.3	1	0.009
1	-0.034	-0.148	0	2	0.707	0.2	0.95	0.3	1	0.01
2	-0.059	-0.218	0	2	0.707	0.2	0.95	0.3	1	0.015
3	-0.047	-0.137	0	2	0.707	0.2	0.95	0.3	1	0.014
4	-0.043	-0.101	0	2	0.707	0.2	0.95	0.3	1	0.011
5	-0.042	-0.09	0	2	0.707	0.2	0.95	0.3	1	0.017
6	-0.041	-0.087	0	2	0.707	0.2	0.95	0.3	1	0.018
7	-0.04	-0.085	0	2	0.707	0.2	0.95	0.3	1	0.021
8	-0.04	-0.084	0	2	0.707	0.2	0.95	0.3	1	0.021
9	-0.04	-0.083	0	2	0.707	0.2	0.95	0.3	1	0.027
10	-0.04	-0.083	0	2	0.707	0.2	0.95	0.3	1	0.037
11	-0.04	-0.083	0	2	0.707	0.2	0.95	0.3	1	0.05
12	-0.04	-0.083	0	2	0.707	0.2	0.95	0.3	1	0.071
13	-0.04	-0.083	0	2	0.707	0.2	0.95	0.3	1	0.092
14	-0.04	-0.083	0	2	0.707	0.2	0.95	0.3	1	0.129
15	-0.04	-0.083	0	2	0.707	0.2	0.95	0.3	1	0.167
16	-0.04	-0.083	0	2	0.707	0.2	0.95	0.3	1	0.25
17	-0.04	-0.083	0	2	0.707	0.2	0.95	0.3	1	0.312
18	-0.04	-0.083	0	2	0.707	0.2	0.95	0.3	1	0.371
19	-0.04	-0.083	0	2	0.707	0.2	0.95	0.3	1	0.509
20	-0.04	-0.083	0	2	0.707	0.2	0.95	0.3	1	0.669
0	0.297	0.941	0	2	0.707	0.3	0.95	0.3	1	0.009
1	-0.051	-0.146	0	2	0.707	0.3	0.95	0.3	1	0.009
2	-0.083	-0.205	0	2	0.707	0.3	0.95	0.3	1	0.014
3	-0.067	-0.13	0	2	0.707	0.3	0.95	0.3	1	0.014
4	-0.063	-0.097	0	2	0.707	0.3	0.95	0.3	1	0.013
5	-0.061	-0.087	0	2	0.707	0.3	0.95	0.3	1	0.013
6	-0.06	-0.084	0	2	0.707	0.3	0.95	0.3	1	0.016
7	-0.059	-0.082	0	2	0.707	0.3	0.95	0.3	1	0.015
8	-0.059	-0.081	0	2	0.707	0.3	0.95	0.3	1	0.022
9	-0.059	-0.08	0	2	0.707	0.3	0.95	0.3	1	0.027
10	-0.059	-0.08	0	2	0.707	0.3	0.95	0.3	1	0.034
11	-0.059	-0.08	0	2	0.707	0.3	0.95	0.3	1	0.039
12	-0.059	-0.08	0	2	0.707	0.3	0.95	0.3	1	0.062
13	-0.059	-0.08	0	2	0.707	0.3	0.95	0.3	1	0.098
14	-0.059	-0.08	0	2	0.707	0.3	0.95	0.3	1	0.149
15	-0.059	-0.08	0	2	0.707	0.3	0.95	0.3	1	0.165
16	-0.059	-0.08	0	2	0.707	0.3	0.95	0.3	1	0.252
17	-0.059	-0.08	0	2	0.707	0.3	0.95	0.3	1	0.323
18	-0.059	-0.08	0	2	0.707	0.3	0.95	0.3	1	0.402
19	-0.059	-0.08	0	2	0.707	0.3	0.95	0.3	1	0.53
20	-0.059	-0.08	0	2	0.707	0.3	0.95	0.3	1	0.709
0	0.387	0.919	0	2	0.707	0.4	0.95	0.3	1	0.01
1	-0.067	-0.141	0	2	0.707	0.4	0.95	0.3	1	0.009
2	-0.102	-0.189	0	2	0.707	0.4	0.95	0.3	1	0.011
3	-0.085	-0.124	0	2	0.707	0.4	0.95	0.3	1	0.01
4	-0.082	-0.094	0	2	0.707	0.4	0.95	0.3	1	0.012
5	-0.08	-0.084	0	2	0.707	0.4	0.95	0.3	1	0.016
6	-0.079	-0.08	0	2	0.707	0.4	0.95	0.3	1	0.016
7	-0.078	-0.079	0	2	0.707	0.4	0.95	0.3	1	0.019
8	-0.077	-0.078	0	2	0.707	0.4	0.95	0.3	1	0.025
9	-0.077	-0.077	0	2	0.707	0.4	0.95	0.3	1	0.028
10	-0.077	-0.077	0	2	0.707	0.4	0.95	0.3	1	0.032
11	-0.077	-0.077	0	2	0.707	0.4	0.95	0.3	1	0.044
12	-0.077	-0.077	0	2	0.707	0.4	0.95	0.3	1	0.069
13	-0.077	-0.077	0	2	0.707	0.4	0.95	0.3	1	0.115
14	-0.077	-0.077	0	2	0.707	0.4	0.95	0.3	1	0.164
15	-0.077	-0.077	0	2	0.707	0.4	0.95	0.3	1	0.187
16	-0.077	-0.077	0	2	0.707	0.4	0.95	0.3	1	0.254
17	-0.077	-0.077	0	2	0.707	0.4	0.95	0.3	1	0.316
18	-0.077	-0.077	0	2	0.707	0.4	0.95	0.3	1	0.391
19	-0.077	-0.077	0	2	0.707	0.4	0.95	0.3	1	0.635
20	-0.077	-0.077	0	2	0.707	0.4	0.95	0.3	1	0.703
0	0.465	0.884	0	2	0.707	0.5	0.95	0.3	1	0.009
1	-0.079	-0.132	0	2	0.707	0.5	0.95	0.3	1	0.009
2	-0.116	-0.169	0	2	0.707	0.5	0.95	0.3	1	0.013
3	-0.102	-0.119	0	2	0.707	0.5	0.95	0.3	1	0.01
4	-0.101	-0.092	0	2	0.707	0.5	0.95	0.3	1	0.012
5	-0.099	-0.081	0	2	0.707	0.5	0.95	0.3	1	0.016
6	-0.097	-0.078	0	2	0.707	0.5	0.95	0.3	1	0.018
7	-0.096	-0.076	0	2	0.707	0.5	0.95	0.3	1	0.015
8	-0.095	-0.075	0	2	0.707	0.5	0.95	0.3	1	0.021
9	-0.095	-0.074	0	2	0.707	0.5	0.95	0.3	1	0.027
10	-0.095	-0.074	0	2	0.707	0.5	0.95	0.3	1	0.04
11	-0.094	-0.074	0	2	0.707	0.5	0.95	0.3	1	0.047
12	-0.094	-0.074	0	2	0.707	0.5	0.95	0.3	1	0.063
13	-0.094	-0.074	0	2	0.707	0.5	0.95	0.3	1	0.101
14	-0.094	-0.074	0	2	0.707	0.5	0.95	0.3	1	0.152
15	-0.094	-0.074	0	2	0.707	0.5	0.95	0.3	1	0.184
16	-0.094	-0.074	0	2	0.707	0.5	0.95	0.3	1	0.29
17	-0.094	-0.074	0	2	0.707	0.5	0.95	0.3	1	0.298
18	-0.094	-0.074	0	2	0.707	0.5	0.95	0.3	1	0.394
19	-0.094	-0.074	0	2	0.707	0.5	0.95	0.3	1	0.562
20	-0.094	-0.074	0	2	0.707	0.5	0.95	0.3	1	0.733
0	0.534	0.845	0	2	0.707	0.6	0.95	0.3	1	0.009
1	-0.086	-0.118	0	2	0.707	0.6	0.95	0.3	1	0.013
2	-0.124	-0.149	0	2	0.707	0.6	0.95	0.3	1	0.013
3	-0.118	-0.115	0	2	0.707	0.6	0.95	0.3	1	0.011
4	-0.119	-0.091	0	2	0.707	0.6	0.95	0.3	1	0.014
5	-0.117	-0.079	0	2	0.707	0.6	0.95	0.3	1	0.014
6	-0.114	-0.075	0	2	0.707	0.6	0.95	0.3	1	0.017
7	-0.113	-0.073	0	2	0.707	0.6	0.95	0.3	1	0.019
8	-0.112	-0.072	0	2	0.707	0.6	0.95	0.3	1	0.023
9	-0.112	-0.072	0	2	0.707	0.6	0.95	0.3	1	0.028
10	-0.111	-0.071	0	2	0.707	0.6	0.95	0.3	1	0.036
11	-0.111	-0.071	0	2	0.707	0.6	0.95	0.3	1	0.045
12	-0.111	-0.071	0	2	0.707	0.6	0.95	0.3	1	0.056
13	-0.111	-0.071	0	2	0.707	0.6	0.95	0.3	1	0.109
14	-0.111	-0.071	0	2	0.707	0.6	0.95	0.3	1	0.168
15	-0.111	-0.071	0	2	0.707	0.6	0.95	0.3	1	0.223
16	-0.111	-0.071	0	2	0.707	0.6	0.95	0.3	1	0.288
17	-0.111	-0.071	0	2	0.707	0.6	0.95	0.3	1	0.32
18	-0.111	-0.071	0	2	0.707	0.6	0.95	0.3	1	0.424
19	-0.111	-0.071	0	2	0.707	0.6	0.95	0.3	1	0.504
20	-0.111	-0.071	0	2	0.707	0.6	0.95	0.3	1	0.668
0	0.593	0.805	0	2	0.707	0.7	0.95	0.3	1	0.012
1	-0.086	-0.098	0	2	0.707	0.7	0.95	0.3	1	0.01
2	-0.128	-0.128	0	2	0.707	0.7	0.95	0.3	1	0.013
3	-0.133	-0.111	0	2	0.707	0.7	0.95	0.3	1	0.011
4	-0.136	-0.09	0	2	0.707	0.7	0.95	0.3	1	0.014
5	-0.134	-0.076	0	2	0.707	0.7	0.95	0.3	1	0.014
6	-0.131	-0.072	0	2	0.707	0.7	0.95	0.3	1	0.017
7	-0.129	-0.071	0	2	0.707	0.7	0.95	0.3	1	0.018
8	-0.128	-0.069	0	2	0.707	0.7	0.95	0.3	1	0.027
9	-0.128	-0.069	0	2	0.707	0.7	0.95	0.3	1	0.036
10	-0.128	-0.069	0	2	0.707	0.7	0.95	0.3	1	0.039
11	-0.128	-0.068	0	2	0.707	0.7	0.95	0.3	1	0.051
12	-0.127	-0.068	0	2	0.707	0.7	0.95	0.3	1	0.068
13	-0.127	-0.068	0	2	0.707	0.7	0.95	0.3	1	0.105
14	-0.127	-0.068	0	2	0.707	0.7	0.95	0.3	1	0.13
15	-0.127	-0.068	0	2	0.707	0.7	0.95	0.3	1	0.175
16	-0.127	-0.068	0	2	0.707	0.7	0.95	0.3	1	0.262
17	-0.127	-0.068	0	2	0.707	0.7	0.95	0.3	1	0.32
18	-0.127	-0.068	0	2	0.707	0.7	0.95	0.3	1	0.416
19	-0.127	-0.068	0	2	0.707	0.7	0.95	0.3	1	0.496
20	-0.127	-0.068	0	2	0.707	0.7	0.95	0.3	1	0.686
0	0.644	0.765	0	2	0.707	0.8	0.95	0.3	1	0.009
1	-0.076	-0.075	0	2	0.707	0.8	0.95	0.3	1	0.01
2	-0.129	-0.11	0	2	0.707	0.8	0.95	0.3	1	0.013
3	-0.147	-0.107	0	2	0.707	0.8	0.95	0.3	1	0.014
4	-0.153	-0.089	0	2	0.707	0.8	0.95	0.3	1	0.011
5	-0.151	-0.074	0	2	0.707	0.8	0.95	0.3	1	0.016
6	-0.147	-0.07	0	2	0.707	0.8	0.95	0.3	1	0.014
7	-0.145	-0.068	0	2	0.707	0.8	0.95	0.3	1	0.021
8	-0.144	-0.067	0	2	0.707	0.8	0.95	0.3	1	0.023
9	-0.144	-0.066	0	2	0.707	0.8	0.95	0.3	1	0.03
10	-0.143	-0.066	0	2	0.707	0.8	0.95	0.3	1	0.035
11	-0.143	-0.066	0	2	0.707	0.8	0.95	0.3	1	0.049
12	-0.143	-0.066	0	2	0.707	0.8	0.95	0.3	1	0.061
13	-0.143	-0.066	0	2	0.707	0.8	0.95	0.3	1	0.108
14	-0.143	-0.066	0	2	0.707	0.8	0.95	0.3	1	0.15
15	-0.143	-0.066	0	2	0.707	0.8	0.95	0.3	1	0.203
16	-0.143	-0.066	0	2	0.707	0.8	0.95	0.3	1	0.262
17	-0.143	-0.066	0	2	0.707	0.8	0.95	0.3	1	0.348
18	-0.143	-0.066	0	2	0.707	0.8	0.95	0.3	1	0.465
19	-0.143	-0.066	0	2	0.707	0.8	0.95	0.3	1	0.501
20	-0.143	-0.066	0	2	0.707	0.8	0.95	0.3	1	0.634
0	0.667	0.745	0	2	0.707	0.85	0.95	0.3	1	0.01
1	-0.068	-0.062	0	2	0.707	0.85	0.95	0.3	1	0.012
2	-0.129	-0.102	0	2	0.707	0.85	0.95	0.3	1	0.009
3	-0.154	-0.105	0	2	0.707	0.85	0.95	0.3	1	0.013
4	-0.161	-0.088	0	2	0.707	0.85	0.95	0.3	1	0.011
5	-0.159	-0.073	0	2	0.707	0.85	0.95	0.3	1	0.012
6	-0.155	-0.068	0	2	0.707	0.85	0.95	0.3	1	0.014
7	-0.153	-0.067	0	2	0.707	0.85	0.95	0.3	1	0.016
8	-0.152	-0.066	0	2	0.707	0.85	0.95	0.3	1	0.025
9	-0.151	-0.065	0	2	0.707	0.85	0.95	0.3	1	0.029
10	-0.151	-0.065	0	2	0.707	0.85	0.95	0.3	1	0.036
11	-0.151	-0.064	0	2	0.707	0.85	0.95	0.3	1	0.046
12	-0.151	-0.064	0	2	0.707	0.85	0.95	0.3	1	0.063
13	-0.151	-0.064	0	2	0.707	0.85	0.95	0.3	1	0.108
14	-0.151	-0.064	0	2	0.707	0.85	0.95	0.3	1	0.151
15	-0.151	-0.064	0	2	0.707	0.85	0.95	0.3	1	0.194
16	-0.151	-0.064	0	2	0.707	0.85	0.95	0.3	1	0.255
17	-0.151	-0.064	0	2	0.707	0.85	0.95	0.3	1	0.328
18	-0.151	-0.064	0	2	0.707	0.85	0.95	0.3	1	0.466
19	-0.151	-0.064	0	2	0.707	0.85	0.95	0.3	1	0.502
20	-0.151	-0.064	0	2	0.707	0.85	0.95	0.3	1	0.753
0	0.688	0.726	0	2	0.707	0.9	0.95	0.3	1	0.013
1	-0.059	-0.05	0	2	0.707	0.9	0.95	0.3	1	0.012
2	-0.129	-0.095	0	2	0.707	0.9	0.95	0.3	1	0.012
3	-0.16	-0.103	0	2	0.707	0.9	0.95	0.3	1	0.01
4	-0.168	-0.088	0	2	0.707	0.9	0.95	0.3	1	0.015
5	-0.166	-0.072	0	2	0.707	0.9	0.95	0.3	1	0.012
6	-0.163	-0.067	0	2	0.707	0.9	0.95	0.3	1	0.014
7	-0.161	-0.065	0	2	0.707	0.9	0.95	0.3	1	0.017
8	-0.159	-0.064	0	2	0.707	0.9	0.95	0.3	1	0.023
9	-0.159	-0.064	0	2	0.707	0.9	0.95	0.3	1	0.029
10	-0.158	-0.063	0	2	0.707	0.9	0.95	0.3	1	0.038
11	-0.158	-0.063	0	2	0.707	0.9	0.95	0.3	1	0.042
12	-0.158	-0.063	0	2	0.707	0.9	0.95	0.3	1	0.061
13	-0.158	-0.063	0	2	0.707	0.9	0.95	0.3	1	0.105
14	-0.158	-0.063	0	2	0.707	0.9	0.95	0.3	1	0.137
15	-0.158	-0.063	0	2	0.707	0.9	0.95	0.3	1	0.167
16	-0.158	-0.063	0	2	0.707	0.9	0.95	0.3	1	0.249
17	-0.158	-0.063	0	2	0.707	0.9	0.95	0.3	1	0.338
18	-0.158	-0.063	0	2	0.707	0.9	0.95	0.3	1	0.397
19	-0.158	-0.063	0	2	0.707	0.9	0.95	0.3	1	0.501
20	-0.158	-0.063	0	2	0.707	0.9	0.95	0.3	1	0.679
0	0.725	0.689	0	2	0.707	1	0.95	0.3	1	0.013
1	-0.039	-0.028	0	2	0.707	1	0.95	0.3	1	0.01
2	-0.131	-0.084	0	2	0.707	1	0.95	0.3	1	0.01
3	-0.17	-0.098	0	2	0.707	1	0.95	0.3	1	0.014
4	-0.182	-0.086	0	2	0.707	1	0.95	0.3	1	0.012
5	-0.181	-0.07	0	2	0.707	1	0.95	0.3	1	0.015
6	-0.178	-0.064	0	2	0.707	1	0.95	0.3	1	0.017
7	-0.175	-0.063	0	2	0.707	1	0.95	0.3	1	0.016
8	-0.174	-0.062	0	2	0.707	1	0.95	0.3	1	0.019
9	-0.173	-0.061	0	2	0.707	1	0.95	0.3	1	0.028
10	-0.173	-0.061	0	2	0.707	1	0.95	0.3	1	0.035
11	-0.173	-0.061	0	2	0.707	1	0.95	0.3	1	0.042
12	-0.173	-0.061	0	2	0.707	1	0.95	0.3	1	0.065
13	-0.172	-0.06	0	2	0.707	1	0.95	0.3	1	0.099
14	-0.172	-0.06	0	2	0.707	1	0.95	0.3	1	0.146
15	-0.172	-0.06	0	2	0.707	1	0.95	0.3	1	0.175
16	-0.172	-0.06	0	2	0.707	1	0.95	0.3	1	0.258
17	-0.172	-0.06	0	2	0.707	1	0.95	0.3	1	0.351
18	-0.172	-0.06	0	2	0.707	1	0.95	0.3	1	0.429
19	-0.172	-0.06	0	2	0.707	1	0.95	0.3	1	0.521
20	-0.172	-0.06	0	2	0.707	1	0.95	0.3	1	0.643
0	0.757	0.654	0	2	0.707	1.1	0.95	0.3	1	0.01
1	-0.021	-0.012	0	2	0.707	1.1	0.95	0.3	1	0.012
2	-0.134	-0.078	0	2	0.707	1.1	0.95	0.3	1	0.012
3	-0.179	-0.092	0	2	0.707	1.1	0.95	0.3	1	0.012
4	-0.195	-0.084	0	2	0.707	1.1	0.95	0.3	1	0.012
5	-0.195	-0.068	0	2	0.707	1.1	0.95	0.3	1	0.013
6	-0.192	-0.062	0	2	0.707	1.1	0.95	0.3	1	0.015
7	-0.189	-0.06	0	2	0.707	1.1	0.95	0.3	1	0.017
8	-0.188	-0.059	0	2	0.707	1.1	0.95	0.3	1	0.029
9	-0.187	-0.059	0	2	0.707	1.1	0.95	0.3	1	0.026
10	-0.187	-0.058	0	2	0.707	1.1	0.95	0.3	1	0.035
11	-0.187	-0.058	0	2	0.707	1.1	0.95	0.3	1	0.048
12	-0.186	-0.058	0	2	0.707	1.1	0.95	0.3	1	0.071
13	-0.186	-0.058	0	2	0.707	1.1	0.95	0.3	1	0.088
14	-0.186	-0.058	0	2	0.707	1.1	0.95	0.3	1	0.13
15	-0.186	-0.058	0	2	0.707	1.1	0.95	0.3	1	0.188
16	-0.186	-0.058	0	2	0.707	1.1	0.95	0.3	1	0.246
17	-0.186	-0.058	0	2	0.707	1.1	0.95	0.3	1	0.306
18	-0.186	-0.058	0	2	0.707	1.1	0.95	0.3	1	0.404
19	-0.186	-0.058	0	2	0.707	1.1	0.95	0.3	1	0.477
20	-0.186	-0.058	0	2	0.707	1.1	0.95	0.3	1	0.676
0	0.784	0.621	0	2	0.707	1.2	0.95	0.3	1	0.013
1	-0.011	-0.005	0	2	0.707	1.2	0.95	0.3	1	0.009
2	-0.141	-0.076	0	2	0.707	1.2	0.95	0.3	1	0.013
3	-0.185	-0.085	0	2	0.707	1.2	0.95	0.3	1	0.013
4	-0.205	-0.081	0	2	0.707	1.2	0.95	0.3	1	0.011
5	-0.208	-0.066	0	2	0.707	1.2	0.95	0.3	1	0.014
6	-0.205	-0.059	0	2	0.707	1.2	0.95	0.3	1	0.016
7	-0.203	-0.057	0	2	0.707	1.2	0.95	0.3	1	0.016
8	-0.201	-0.057	0	2	0.707	1.2	0.95	0.3	1	0.023
9	-0.201	-0.056	0	2	0.707	1.2	0.95	0.3	1	0.03
10	-0.2	-0.056	0	2	0.707	1.2	0.95	0.3	1	0.037
11	-0.2	-0.056	0	2	0.707	1.2	0.95	0.3	1	0.048
12	-0.2	-0.056	0	2	0.707	1.2	0.95	0.3	1	0.061
13	-0.2	-0.056	0	2	0.707	1.2	0.95	0.3	1	0.125
14	-0.2	-0.056	0	2	0.707	1.2	0.95	0.3	1	0.157
15	-0.2	-0.056	0	2	0.707	1.2	0.95	0.3	1	0.206
16	-0.2	-0.056	0	2	0.707	1.2	0.95	0.3	1	0.231
17	-0.2	-0.056	0	2	0.707	1.2	0.95	0.3	1	0.299
18	-0.2	-0.056	0	2	0.707	1.2	0.95	0.3	1	0.412
19	-0.2	-0.056	0	2	0.707	1.2	0.95	0.3	1	0.525
20	-0.2	-0.056	0	2	0.707	1.2	0.95	0.3	1	0.656
0	0.807	0.59	0	2	0.707	1.3	0.95	0.3	1	0.013
1	-0.009	-0.004	0	2	0.707	1.3	0.95	0.3	1	0.013
2	-0.151	-0.076	0	2	0.707	1.3	0.95	0.3	1	0.013
3	-0.188	-0.078	0	2	0.707	1.3	0.95	0.3	1	0.01
4	-0.214	-0.078	0	2	0.707	1.3	0.95	0.3	1	0.013
5	-0.221	-0.064	0	2	0.707	1.3	0.95	0.3	1	0.014
6	-0.218	-0.057	0	2	0.707	1.3	0.95	0.3	1	0.013
7	-0.216	-0.055	0	2	0.707	1.3	0.95	0.3	1	0.016
8	-0.214	-0.054	0	2	0.707	1.3	0.95	0.3	1	0.02
9	-0.214	-0.054	0	2	0.707	1.3	0.95	0.3	1	0.024
10	-0.213	-0.054	0	2	0.707	1.3	0.95	0.3	1	0.041
11	-0.213	-0.054	0	2	0.707	1.3	0.95	0.3	1	0.047
12	-0.213	-0.053	0	2	0.707	1.3	0.95	0.3	1	0.063
13	-0.213	-0.053	0	2	0.707	1.3	0.95	0.3	1	0.089
14	-0.213	-0.053	0	2	0.707	1.3	0.95	0.3	1	0.129
15	-0.213	-0.053	0	2	0.707	1.3	0.95	0.3	1	0.169
16	-0.213	-0.053	0	2	0.707	1.3	0.95	0.3	1	0.243
17	-0.213	-0.053	0	2	0.707	1.3	0.95	0.3	1	0.297
18	-0.213	-0.053	0	2	0.707	1.3	0.95	0.3	1	0.374
19	-0.213	-0.053	0	2	0.707	1.3	0.95	0.3	1	0.589
20	-0.213	-0.053	0	2	0.707	1.3	0.95	0.3	1	0.696
0	0.827	0.562	0	2	0.707	1.4	0.95	0.3	1	0.011
1	-0.012	-0.006	0	2	0.707	1.4	0.95	0.3	1	0.012
2	-0.162	-0.078	0	2	0.707	1.4	0.95	0.3	1	0.012
3	-0.189	-0.071	0	2	0.707	1.4	0.95	0.3	1	0.01
4	-0.221	-0.074	0	2	0.707	1.4	0.95	0.3	1	0.015
5	-0.232	-0.063	0	2	0.707	1.4	0.95	0.3	1	0.016
6	-0.231	-0.055	0	2	0.707	1.4	0.95	0.3	1	0.014
7	-0.228	-0.053	0	2	0.707	1.4	0.95	0.3	1	0.019
8	-0.227	-0.052	0	2	0.707	1.4	0.95	0.3	1	0.026
9	-0.226	-0.052	0	2	0.707	1.4	0.95	0.3	1	0.029
10	-0.226	-0.052	0	2	0.707	1.4	0.95	0.3	1	0.039
11	-0.226	-0.051	0	2	0.707	1.4	0.95	0.3	1	0.046
12	-0.225	-0.051	0	2	0.707	1.4	0.95	0.3	1	0.061
13	-0.225	-0.051	0	2	0.707	1.4	0.95	0.3	1	0.124
14	-0.225	-0.051	0	2	0.707	1.4	0.95	0.3	1	0.138
15	-0.225	-0.051	0	2	0.707	1.4	0.95	0.3	1	0.201
16	-0.225	-0.051	0	2	0.707	1.4	0.95	0.3	1	0.251
17	-0.225	-0.051	0	2	0.707	1.4	0.95	0.3	1	0.299
18	-0.225	-0.051	0	2	0.707	1.4	0.95	0.3	1	0.438
19	-0.225	-0.051	0	2	0.707	1.4	0.95	0.3	1	0.501
20	-0.225	-0.051	0	2	0.707	1.4	0.95	0.3	1	0.658
0	0.845	0.535	0	2	0.707	1.5	0.95	0.3	1	0.009
1	-0.013	-0.007	0	2	0.707	1.5	0.95	0.3	1	0.009
2	-0.173	-0.079	0	2	0.707	1.5	0.95	0.3	1	0.01
3	-0.189	-0.065	0	2	0.707	1.5	0.95	0.3	1	0.01
4	-0.227	-0.07	0	2	0.707	1.5	0.95	0.3	1	0.012
5	-0.243	-0.061	0	2	0.707	1.5	0.95	0.3	1	0.013
6	-0.243	-0.053	0	2	0.707	1.5	0.95	0.3	1	0.013
7	-0.241	-0.051	0	2	0.707	1.5	0.95	0.3	1	0.017
8	-0.239	-0.05	0	2	0.707	1.5	0.95	0.3	1	0.02
9	-0.238	-0.05	0	2	0.707	1.5	0.95	0.3	1	0.029
10	-0.238	-0.049	0	2	0.707	1.5	0.95	0.3	1	0.042
11	-0.238	-0.049	0	2	0.707	1.5	0.95	0.3	1	0.049
12	-0.238	-0.049	0	2	0.707	1.5	0.95	0.3	1	0.07
13	-0.238	-0.049	0	2	0.707	1.5	0.95	0.3	1	0.094
14	-0.238	-0.049	0	2	0.707	1.5	0.95	0.3	1	0.141
15	-0.238	-0.049	0	2	0.707	1.5	0.95	0.3	1	0.173
16	-0.238	-0.049	0	2	0.707	1.5	0.95	0.3	1	0.243
17	-0.238	-0.049	0	2	0.707	1.5	0.95	0.3	1	0.311
18	-0.238	-0.049	0	2	0.707	1.5	0.95	0.3	1	0.398
19	-0.238	-0.049	0	2	0.707	1.5	0.95	0.3	1	0.507
20	-0.238	-0.049	0	2	0.707	1.5	0.95	0.3	1	0.682
0	0.86	0.511	0	2	0.707	1.6	0.95	0.3	1	0.011
1	-0.006	-0.003	0	2	0.707	1.6	0.95	0.3	1	0.012
2	-0.182	-0.079	0	2	0.707	1.6	0.95	0.3	1	0.011
3	-0.188	-0.059	0	2	0.707	1.6	0.95	0.3	1	0.014
4	-0.231	-0.065	0	2	0.707	1.6	0.95	0.3	1	0.011
5	-0.253	-0.06	0	2	0.707	1.6	0.95	0.3	1	0.013
6	-0.255	-0.051	0	2	0.707	1.6	0.95	0.3	1	0.015
7	-0.253	-0.049	0	2	0.707	1.6	0.95	0.3	1	0.02
8	-0.251	-0.048	0	2	0.707	1.6	0.95	0.3	1	0.023
9	-0.25	-0.048	0	2	0.707	1.6	0.95	0.3	1	0.025
10	-0.25	-0.048	0	2	0.707	1.6	0.95	0.3	1	0.036
11	-0.25	-0.047	0	2	0.707	1.6	0.95	0.3	1	0.062
12	-0.25	-0.047	0	2	0.707	1.6	0.95	0.3	1	0.067
13	-0.25	-0.047	0	2	0.707	1.6	0.95	0.3	1	0.105
14	-0.25	-0.047	0	2	0.707	1.6	0.95	0.3	1	0.131
15	-0.25	-0.047	0	2	0.707	1.6	0.95	0.3	1	0.185
16	-0.25	-0.047	0	2	0.707	1.6	0.95	0.3	1	0.22
17	-0.25	-0.047	0	2	0.707	1.6	0.95	0.3	1	0.325
18	-0.25	-0.047	0	2	0.707	1.6	0.95	0.3	1	0.409
19	-0.25	-0.047	0	2	0.707	1.6	0.95	0.3	1	0.491
20	-0.25	-0.047	0	2	0.707	1.6	0.95	0.3	1	0.722
0	0.873	0.488	0	2	0.707	1.7	0.95	0.3	1	0.011
1	0.014	0.007	0	2	0.707	1.7	0.95	0.3	1	0.009
2	-0.188	-0.077	0	2	0.707	1.7	0.95	0.3	1	0.01
3	-0.188	-0.054	0	2	0.707	1.7	0.95	0.3	1	0.021
4	-0.234	-0.061	0	2	0.707	1.7	0.95	0.3	1	0.015
5	-0.262	-0.059	0	2	0.707	1.7	0.95	0.3	1	0.013
6	-0.267	-0.05	0	2	0.707	1.7	0.95	0.3	1	0.017
7	-0.265	-0.047	0	2	0.707	1.7	0.95	0.3	1	0.016
8	-0.263	-0.046	0	2	0.707	1.7	0.95	0.3	1	0.02
9	-0.262	-0.046	0	2	0.707	1.7	0.95	0.3	1	0.027
10	-0.262	-0.046	0	2	0.707	1.7	0.95	0.3	1	0.038
11	-0.261	-0.046	0	2	0.707	1.7	0.95	0.3	1	0.046
12	-0.261	-0.046	0	2	0.707	1.7	0.95	0.3	1	0.066
13	-0.261	-0.046	0	2	0.707	1.7	0.95	0.3	1	0.111
14	-0.261	-0.046	0	2	0.707	1.7	0.95	0.3	1	0.126
15	-0.261	-0.046	0	2	0.707	1.7	0.95	0.3	1	0.175
16	-0.261	-0.046	0	2	0.707	1.7	0.95	0.3	1	0.241
17	-0.261	-0.046	0	2	0.707	1.7	0.95	0.3	1	0.323
18	-0.261	-0.046	0	2	0.707	1.7	0.95	0.3	1	0.42
19	-0.261	-0.046	0	2	0.707	1.7	0.95	0.3	1	0.507
20	-0.261	-0.046	0	2	0.707	1.7	0.95	0.3	1	0.697
0	0.884	0.467	0	2	0.707	1.8	0.95	0.3	1	0.009
1	0.052	0.024	0	2	0.707	1.8	0.95	0.3	1	0.011
2	-0.188	-0.072	0	2	0.707	1.8	0.95	0.3	1	0.013
3	-0.188	-0.051	0	2	0.707	1.8	0.95	0.3	1	0.01
4	-0.237	-0.057	0	2	0.707	1.8	0.95	0.3	1	0.011
5	-0.271	-0.057	0	2	0.707	1.8	0.95	0.3	1	0.015
6	-0.278	-0.049	0	2	0.707	1.8	0.95	0.3	1	0.014
7	-0.276	-0.045	0	2	0.707	1.8	0.95	0.3	1	0.015
8	-0.274	-0.045	0	2	0.707	1.8	0.95	0.3	1	0.024
9	-0.274	-0.044	0	2	0.707	1.8	0.95	0.3	1	0.026
10	-0.273	-0.044	0	2	0.707	1.8	0.95	0.3	1	0.04
11	-0.273	-0.044	0	2	0.707	1.8	0.95	0.3	1	0.047
12	-0.273	-0.044	0	2	0.707	1.8	0.95	0.3	1	0.074
13	-0.273	-0.044	0	2	0.707	1.8	0.95	0.3	1	0.121
14	-0.272	-0.044	0	2	0.707	1.8	0.95	0.3	1	0.126
15	-0.272	-0.044	0	2	0.707	1.8	0.95	0.3	1	0.188
16	-0.272	-0.044	0	2	0.707	1.8	0.95	0.3	1	0.238
17	-0.272	-0.044	0	2	0.707	1.8	0.95	0.3	1	0.316
18	-0.272	-0.044	0	2	0.707	1.8	0.95	0.3	1	0.429
19	-0.272	-0.044	0	2	0.707	1.8	0.95	0.3	1	0.535
20	-0.272	-0.044	0	2	0.707	1.8	0.95	0.3	1	0.68
0	0.894	0.447	0	2	0.707	1.9	0.95	0.3	1	0.011
1	0.107	0.047	0	2	0.707	1.9	0.95	0.3	1	0.009
2	-0.183	-0.066	0	2	0.707	1.9	0.95	0.3	1	0.01
3	-0.19	-0.048	0	2	0.707	1.9	0.95	0.3	1	0.024
4	-0.239	-0.053	0	2	0.707	1.9	0.95	0.3	1	0.014
5	-0.279	-0.056	0	2	0.707	1.9	0.95	0.3	1	0.015
6	-0.289	-0.048	0	2	0.707	1.9	0.95	0.3	1	0.017
7	-0.287	-0.043	0	2	0.707	1.9	0.95	0.3	1	0.019
8	-0.286	-0.043	0	2	0.707	1.9	0.95	0.3	1	0.022
9	-0.285	-0.043	0	2	0.707	1.9	0.95	0.3	1	0.027
10	-0.284	-0.042	0	2	0.707	1.9	0.95	0.3	1	0.036
11	-0.284	-0.042	0	2	0.707	1.9	0.95	0.3	1	0.059
12	-0.284	-0.042	0	2	0.707	1.9	0.95	0.3	1	0.065
13	-0.284	-0.042	0	2	0.707	1.9	0.95	0.3	1	0.106
14	-0.283	-0.042	0	2	0.707	1.9	0.95	0.3	1	0.153
15	-0.283	-0.042	0	2	0.707	1.9	0.95	0.3	1	0.207
16	-0.283	-0.042	0	2	0.707	1.9	0.95	0.3	1	0.269
17	-0.283	-0.042	0	2	0.707	1.9	0.95	0.3	1	0.307
18	-0.283	-0.042	0	2	0.707	1.9	0.95	0.3	1	0.393
19	-0.283	-0.042	0	2	0.707	1.9	0.95	0.3	1	0.567
20	-0.283	-0.042	0	2	0.707	1.9	0.95	0.3	1	0.681
0	0.903	0.429	0	2	0.707	2	0.95	0.3	1	0.009
1	0.18	0.076	0	2	0.707	2	0.95	0.3	1	0.009
2	-0.172	-0.058	0	2	0.707	2	0.95	0.3	1	0.014
3	-0.194	-0.047	0	2	0.707	2	0.95	0.3	1	0.01
4	-0.241	-0.05	0	2	0.707	2	0.95	0.3	1	0.011
5	-0.285	-0.054	0	2	0.707	2	0.95	0.3	1	0.013
6	-0.299	-0.047	0	2	0.707	2	0.95	0.3	1	0.017
7	-0.298	-0.042	0	2	0.707	2	0.95	0.3	1	0.019
8	-0.296	-0.041	0	2	0.707	2	0.95	0.3	1	0.025
9	-0.295	-0.041	0	2	0.707	2	0.95	0.3	1	0.027
10	-0.295	-0.041	0	2	0.707	2	0.95	0.3	1	0.032
11	-0.294	-0.041	0	2	0.707	2	0.95	0.3	1	0.053
12	-0.294	-0.041	0	2	0.707	2	0.95	0.3	1	0.066
13	-0.294	-0.041	0	2	0.707	2	0.95	0.3	1	0.098
14	-0.294	-0.041	0	2	0.707	2	0.95	0.3	1	0.124
15	-0.294	-0.041	0	2	0.707	2	0.95	0.3	1	0.195
16	-0.294	-0.041	0	2	0.707	2	0.95	0.3	1	0.23
17	-0.294	-0.041	0	2	0.707	2	0.95	0.3	1	0.297
18	-0.294	-0.041	0	2	0.707	2	0.95	0.3	1	0.388
19	-0.294	-0.041	0	2	0.707	2	0.95	0.3	1	0.525
20	-0.294	-0.041	0	2	0.707	2	0.95	0.3	1	0.697
0	0.911	0.412	0	2	0.707	2.1	0.95	0.3	1	0.009
1	0.268	0.107	0	2	0.707	2.1	0.95	0.3	1	0.013
2	-0.156	-0.048	0	2	0.707	2.1	0.95	0.3	1	0.011
3	-0.198	-0.046	0	2	0.707	2.1	0.95	0.3	1	0.011
4	-0.243	-0.047	0	2	0.707	2.1	0.95	0.3	1	0.014
5	-0.29	-0.052	0	2	0.707	2.1	0.95	0.3	1	0.013
6	-0.308	-0.046	0	2	0.707	2.1	0.95	0.3	1	0.015
7	-0.308	-0.04	0	2	0.707	2.1	0.95	0.3	1	0.016
8	-0.307	-0.04	0	2	0.707	2.1	0.95	0.3	1	0.024
9	-0.306	-0.039	0	2	0.707	2.1	0.95	0.3	1	0.024
10	-0.305	-0.039	0	2	0.707	2.1	0.95	0.3	1	0.05
11	-0.305	-0.039	0	2	0.707	2.1	0.95	0.3	1	0.046
12	-0.304	-0.039	0	2	0.707	2.1	0.95	0.3	1	0.065
13	-0.304	-0.039	0	2	0.707	2.1	0.95	0.3	1	0.105
14	-0.304	-0.039	0	2	0.707	2.1	0.95	0.3	1	0.15
15	-0.304	-0.039	0	2	0.707	2.1	0.95	0.3	1	0.192
16	-0.304	-0.039	0	2	0.707	2.1	0.95	0.3	1	0.256
17	-0.304	-0.039	0	2	0.707	2.1	0.95	0.3	1	0.285
18	-0.304	-0.039	0	2	0.707	2.1	0.95	0.3	1	0.473
19	-0.304	-0.039	0	2	0.707	2.1	0.95	0.3	1	0.551
20	-0.304	-0.039	0	2	0.707	2.1	0.95	0.3	1	0.706
0	0.918	0.396	0	2	0.707	2.2	0.95	0.3	1	0.01
1	0.365	0.14	0	2	0.707	2.2	0.95	0.3	1	0.009
2	-0.134	-0.038	0	2	0.707	2.2	0.95	0.3	1	0.017
3	-0.202	-0.046	0	2	0.707	2.2	0.95	0.3	1	0.01
4	-0.245	-0.044	0	2	0.707	2.2	0.95	0.3	1	0.015
5	-0.295	-0.05	0	2	0.707	2.2	0.95	0.3	1	0.016
6	-0.317	-0.045	0	2	0.707	2.2	0.95	0.3	1	0.017
7	-0.318	-0.039	0	2	0.707	2.2	0.95	0.3	1	0.019
8	-0.317	-0.038	0	2	0.707	2.2	0.95	0.3	1	0.021
9	-0.315	-0.038	0	2	0.707	2.2	0.95	0.3	1	0.028
10	-0.315	-0.038	0	2	0.707	2.2	0.95	0.3	1	0.042
11	-0.315	-0.038	0	2	0.707	2.2	0.95	0.3	1	0.045
12	-0.314	-0.037	0	2	0.707	2.2	0.95	0.3	1	0.071
13	-0.314	-0.037	0	2	0.707	2.2	0.95	0.3	1	0.101
14	-0.314	-0.037	0	2	0.707	2.2	0.95	0.3	1	0.123
15	-0.314	-0.037	0	2	0.707	2.2	0.95	0.3	1	0.208
16	-0.314	-0.037	0	2	0.707	2.2	0.95	0.3	1	0.253
17	-0.314	-0.037	0	2	0.707	2.2	0.95	0.3	1	0.304
18	-0.314	-0.037	0	2	0.707	2.2	0.95	0.3	1	0.393
19	-0.314	-0.037	0	2	0.707	2.2	0.95	0.3	1	0.492
20	-0.314	-0.037	0	2	0.707	2.2	0.95	0.3	1	0.764
0	0.93	0.368	0	2	0.707	2.4	0.95	0.3	1	0.009
1	0.564	0.198	0	2	0.707	2.4	0.95	0.3	1	0.01
2	-0.083	-0.017	0	2	0.707	2.4	0.95	0.3	1	0.01
3	-0.208	-0.044	0	2	0.707	2.4	0.95	0.3	1	0.012
4	-0.249	-0.04	0	2	0.707	2.4	0.95	0.3	1	0.012
5	-0.3	-0.045	0	2	0.707	2.4	0.95	0.3	1	0.014
6	-0.331	-0.043	0	2	0.707	2.4	0.95	0.3	1	0.017
7	-0.337	-0.037	0	2	0.707	2.4	0.95	0.3	1	0.017
8	-0.336	-0.035	0	2	0.707	2.4	0.95	0.3	1	0.022
9	-0.334	-0.035	0	2	0.707	2.4	0.95	0.3	1	0.033
10	-0.334	-0.035	0	2	0.707	2.4	0.95	0.3	1	0.033
11	-0.333	-0.035	0	2	0.707	2.4	0.95	0.3	1	0.044
12	-0.333	-0.034	0	2	0.707	2.4	0.95	0.3	1	0.066
13	-0.333	-0.034	0	2	0.707	2.4	0.95	0.3	1	0.101
14	-0.333	-0.034	0	2	0.707	2.4	0.95	0.3	1	0.157
15	-0.333	-0.034	0	2	0.707	2.4	0.95	0.3	1	0.172
16	-0.333	-0.034	0	2	0.707	2.4	0.95	0.3	1	0.226
17	-0.333	-0.034	0	2	0.707	2.4	0.95	0.3	1	0.33
18	-0.333	-0.034	0	2	0.707	2.4	0.95	0.3	1	0.394
19	-0.333	-0.034	0	2	0.707	2.4	0.95	0.3	1	0.532
20	-0.333	-0.034	0	2	0.707	2.4	0.95	0.3	1	0.716
0	0.939	0.343	0	2	0.707	2.6	0.95	0.3	1	0.009
1	0.729	0.237	0	2	0.707	2.6	0.95	0.3	1	0.009
2	-0.027	0.001	0	2	0.707	2.6	0.95	0.3	1	0.014
3	-0.205	-0.039	0	2	0.707	2.6	0.95	0.3	1	0.012
4	-0.252	-0.036	0	2	0.707	2.6	0.95	0.3	1	0.011
5	-0.302	-0.04	0	2	0.707	2.6	0.95	0.3	1	0.013
6	-0.342	-0.041	0	2	0.707	2.6	0.95	0.3	1	0.017
7	-0.354	-0.035	0	2	0.707	2.6	0.95	0.3	1	0.021
8	-0.353	-0.032	0	2	0.707	2.6	0.95	0.3	1	0.021
9	-0.352	-0.032	0	2	0.707	2.6	0.95	0.3	1	0.025
10	-0.352	-0.032	0	2	0.707	2.6	0.95	0.3	1	0.038
11	-0.351	-0.032	0	2	0.707	2.6	0.95	0.3	1	0.045
12	-0.351	-0.032	0	2	0.707	2.6	0.95	0.3	1	0.083
13	-0.351	-0.032	0	2	0.707	2.6	0.95	0.3	1	0.103
14	-0.351	-0.032	0	2	0.707	2.6	0.95	0.3	1	0.156
15	-0.351	-0.032	0	2	0.707	2.6	0.95	0.3	1	0.201
16	-0.351	-0.032	0	2	0.707	2.6	0.95	0.3	1	0.272
17	-0.351	-0.032	0	2	0.707	2.6	0.95	0.3	1	0.3
18	-0.351	-0.032	0	2	0.707	2.6	0.95	0.3	1	0.413
19	-0.351	-0.032	0	2	0.707	2.6	0.95	0.3	1	0.483
20	-0.351	-0.032	0	2	0.707	2.6	0.95	0.3	1	0.689
0	0.947	0.321	0	2	0.707	2.8	0.95	0.3	1	0.011
1	0.838	0.253	0	2	0.707	2.8	0.95	0.3	1	0.01
2	0.025	0.015	0	2	0.707	2.8	0.95	0.3	1	0.012
3	-0.194	-0.033	0	2	0.707	2.8	0.95	0.3	1	0.014
4	-0.253	-0.033	0	2	0.707	2.8	0.95	0.3	1	0.016
5	-0.303	-0.035	0	2	0.707	2.8	0.95	0.3	1	0.023
6	-0.35	-0.038	0	2	0.707	2.8	0.95	0.3	1	0.021
7	-0.369	-0.033	0	2	0.707	2.8	0.95	0.3	1	0.018
8	-0.371	-0.03	0	2	0.707	2.8	0.95	0.3	1	0.025
9	-0.369	-0.029	0	2	0.707	2.8	0.95	0.3	1	0.026
10	-0.369	-0.029	0	2	0.707	2.8	0.95	0.3	1	0.051
11	-0.368	-0.029	0	2	0.707	2.8	0.95	0.3	1	0.043
12	-0.368	-0.029	0	2	0.707	2.8	0.95	0.3	1	0.066
13	-0.368	-0.029	0	2	0.707	2.8	0.95	0.3	1	0.112
14	-0.368	-0.029	0	2	0.707	2.8	0.95	0.3	1	0.123
15	-0.368	-0.029	0	2	0.707	2.8	0.95	0.3	1	0.199
16	-0.368	-0.029	0	2	0.707	2.8	0.95	0.3	1	0.239
17	-0.368	-0.029	0	2	0.707	2.8	0.95	0.3	1	0.321
18	-0.368	-0.029	0	2	0.707	2.8	0.95	0.3	1	0.419
19	-0.368	-0.029	0	2	0.707	2.8	0.95	0.3	1	0.549
20	-0.368	-0.029	0	2	0.707	2.8	0.95	0.3	1	0.708
0	0.953	0.302	0	2	0.707	3	0.95	0.3	1	0.013
1	0.9	0.254	0	2	0.707	3	0.95	0.3	1	0.012
2	0.076	0.026	0	2	0.707	3	0.95	0.3	1	0.01
3	-0.176	-0.025	0	2	0.707	3	0.95	0.3	1	0.01
4	-0.253	-0.03	0	2	0.707	3	0.95	0.3	1	0.011
5	-0.305	-0.032	0	2	0.707	3	0.95	0.3	1	0.012
6	-0.355	-0.035	0	2	0.707	3	0.95	0.3	1	0.013
7	-0.382	-0.032	0	2	0.707	3	0.95	0.3	1	0.019
8	-0.387	-0.028	0	2	0.707	3	0.95	0.3	1	0.025
9	-0.386	-0.027	0	2	0.707	3	0.95	0.3	1	0.024
10	-0.385	-0.027	0	2	0.707	3	0.95	0.3	1	0.032
11	-0.385	-0.027	0	2	0.707	3	0.95	0.3	1	0.05
12	-0.385	-0.027	0	2	0.707	3	0.95	0.3	1	0.06
13	-0.385	-0.027	0	2	0.707	3	0.95	0.3	1	0.105
14	-0.385	-0.027	0	2	0.707	3	0.95	0.3	1	0.154
15	-0.384	-0.027	0	2	0.707	3	0.95	0.3	1	0.166
16	-0.384	-0.027	0	2	0.707	3	0.95	0.3	1	0.22
17	-0.384	-0.027	0	2	0.707	3	0.95	0.3	1	0.329
18	-0.384	-0.027	0	2	0.707	3	0.95	0.3	1	0.378
19	-0.384	-0.027	0	2	0.707	3	0.95	0.3	1	0.524
20	-0.384	-0.027	0	2	0.707	3	0.95	0.3	1	0.714
