Var1_ 1	Var1_ 2	Var1_ 3	Var1_ 4	Var1_ 5	Var1_ 6	Var1_ 7	Var1_ 8	Var1_ 9	Var1_10
0	-0	0	0	1	0.724	0	0.73	0.8	0.061
1	0	0.212	0	1	0.724	0	0.73	0.8	0.007
2	0	0.12	0	1	0.724	0	0.73	0.8	0.006
3	-0	0.051	0	1	0.724	0	0.73	0.8	0.006
4	-0	0.063	0	1	0.724	0	0.73	0.8	0.007
5	0	0.076	0	1	0.724	0	0.73	0.8	0.005
6	0	0.082	0	1	0.724	0	0.73	0.8	0.005
7	0	0.086	0	1	0.724	0	0.73	0.8	0.007
8	-0	0.087	0	1	0.724	0	0.73	0.8	0.011
9	-0	0.088	0	1	0.724	0	0.73	0.8	0.015
10	0	0.089	0	1	0.724	0	0.73	0.8	0.007
11	-0	0.089	0	1	0.724	0	0.73	0.8	0.006
12	-0	0.089	0	1	0.724	0	0.73	0.8	0.007
13	0	0.089	0	1	0.724	0	0.73	0.8	0.007
14	-0	0.089	0	1	0.724	0	0.73	0.8	0.008
15	0	0.089	0	1	0.724	0	0.73	0.8	0.006
16	0	0.089	0	1	0.724	0	0.73	0.8	0.008
17	0	0.089	0	1	0.724	0	0.73	0.8	0.006
18	0	0.089	0	1	0.724	0	0.73	0.8	0.007
19	-0	0.089	0	1	0.724	0	0.73	0.8	0.007
20	0	0.089	0	1	0.724	0	0.73	0.8	0.007
0	0.108	0.792	0	1	0.724	0.1	0.73	0.8	0.005
1	0.028	0.173	0	1	0.724	0.1	0.73	0.8	0.005
2	-0.019	0.07	0	1	0.724	0.1	0.73	0.8	0.005
3	-0.017	0.045	0	1	0.724	0.1	0.73	0.8	0.006
4	-0.009	0.068	0	1	0.724	0.1	0.73	0.8	0.005
5	-0.004	0.083	0	1	0.724	0.1	0.73	0.8	0.006
6	-0.003	0.09	0	1	0.724	0.1	0.73	0.8	0.006
7	-0.002	0.093	0	1	0.724	0.1	0.73	0.8	0.005
8	-0.002	0.095	0	1	0.724	0.1	0.73	0.8	0.006
9	-0.002	0.095	0	1	0.724	0.1	0.73	0.8	0.005
10	-0.002	0.096	0	1	0.724	0.1	0.73	0.8	0.004
11	-0.002	0.096	0	1	0.724	0.1	0.73	0.8	0.006
12	-0.002	0.096	0	1	0.724	0.1	0.73	0.8	0.005
13	-0.001	0.096	0	1	0.724	0.1	0.73	0.8	0.004
14	-0.001	0.096	0	1	0.724	0.1	0.73	0.8	0.006
15	-0.001	0.096	0	1	0.724	0.1	0.73	0.8	0.006
16	-0.001	0.096	0	1	0.724	0.1	0.73	0.8	0.006
17	-0.001	0.096	0	1	0.724	0.1	0.73	0.8	0.006
18	-0.001	0.096	0	1	0.724	0.1	0.73	0.8	0.005
19	-0.001	0.096	0	1	0.724	0.1	0.73	0.8	0.007
20	-0.001	0.096	0	1	0.724	0.1	0.73	0.8	0.005
0	0.258	0.941	0	1	0.724	0.2	0.73	0.8	0.005
1	0.032	0.099	0	1	0.724	0.2	0.73	0.8	0.005
2	-0.044	0.04	0	1	0.724	0.2	0.73	0.8	0.005
3	-0.026	0.057	0	1	0.724	0.2	0.73	0.8	0.005
4	-0.009	0.083	0	1	0.724	0.2	0.73	0.8	0.004
5	-0.002	0.096	0	1	0.724	0.2	0.73	0.8	0.004
6	0	0.101	0	1	0.724	0.2	0.73	0.8	0.004
7	0.001	0.103	0	1	0.724	0.2	0.73	0.8	0.004
8	0.001	0.104	0	1	0.724	0.2	0.73	0.8	0.006
9	0.001	0.104	0	1	0.724	0.2	0.73	0.8	0.006
10	0.001	0.104	0	1	0.724	0.2	0.73	0.8	0.006
11	0.001	0.104	0	1	0.724	0.2	0.73	0.8	0.006
12	0.001	0.104	0	1	0.724	0.2	0.73	0.8	0.006
13	0.001	0.104	0	1	0.724	0.2	0.73	0.8	0.007
14	0.001	0.104	0	1	0.724	0.2	0.73	0.8	0.006
15	0.001	0.104	0	1	0.724	0.2	0.73	0.8	0.006
16	0.001	0.104	0	1	0.724	0.2	0.73	0.8	0.006
17	0.001	0.105	0	1	0.724	0.2	0.73	0.8	0.007
18	0.001	0.105	0	1	0.724	0.2	0.73	0.8	0.005
19	0.001	0.105	0	1	0.724	0.2	0.73	0.8	0.007
20	0.001	0.105	0	1	0.724	0.2	0.73	0.8	0.007
0	0.379	0.922	0	1	0.724	0.3	0.73	0.8	0.005
1	0.012	0.026	0	1	0.724	0.3	0.73	0.8	0.005
2	-0.055	0.042	0	1	0.724	0.3	0.73	0.8	0.005
3	-0.019	0.084	0	1	0.724	0.3	0.73	0.8	0.005
4	0.001	0.102	0	1	0.724	0.3	0.73	0.8	0.005
5	0.006	0.11	0	1	0.724	0.3	0.73	0.8	0.004
6	0.007	0.111	0	1	0.724	0.3	0.73	0.8	0.007
7	0.007	0.112	0	1	0.724	0.3	0.73	0.8	0.005
8	0.007	0.112	0	1	0.724	0.3	0.73	0.8	0.005
9	0.006	0.112	0	1	0.724	0.3	0.73	0.8	0.005
10	0.006	0.112	0	1	0.724	0.3	0.73	0.8	0.006
11	0.006	0.112	0	1	0.724	0.3	0.73	0.8	0.006
12	0.006	0.112	0	1	0.724	0.3	0.73	0.8	0.005
13	0.006	0.111	0	1	0.724	0.3	0.73	0.8	0.006
14	0.006	0.111	0	1	0.724	0.3	0.73	0.8	0.006
15	0.006	0.111	0	1	0.724	0.3	0.73	0.8	0.004
16	0.006	0.111	0	1	0.724	0.3	0.73	0.8	0.006
17	0.006	0.111	0	1	0.724	0.3	0.73	0.8	0.006
18	0.006	0.111	0	1	0.724	0.3	0.73	0.8	0.005
19	0.006	0.111	0	1	0.724	0.3	0.73	0.8	0.006
20	0.006	0.111	0	1	0.724	0.3	0.73	0.8	0.005
0	0.48	0.877	0	1	0.724	0.4	0.73	0.8	0.005
1	-0.005	-0.007	0	1	0.724	0.4	0.73	0.8	0.005
2	-0.038	0.068	0	1	0.724	0.4	0.73	0.8	0.004
3	0.002	0.113	0	1	0.724	0.4	0.73	0.8	0.005
4	0.014	0.117	0	1	0.724	0.4	0.73	0.8	0.004
5	0.015	0.118	0	1	0.724	0.4	0.73	0.8	0.004
6	0.013	0.117	0	1	0.724	0.4	0.73	0.8	0.005
7	0.011	0.116	0	1	0.724	0.4	0.73	0.8	0.004
8	0.01	0.115	0	1	0.724	0.4	0.73	0.8	0.006
9	0.01	0.115	0	1	0.724	0.4	0.73	0.8	0.006
10	0.01	0.115	0	1	0.724	0.4	0.73	0.8	0.005
11	0.009	0.115	0	1	0.724	0.4	0.73	0.8	0.006
12	0.009	0.115	0	1	0.724	0.4	0.73	0.8	0.006
13	0.009	0.115	0	1	0.724	0.4	0.73	0.8	0.005
14	0.009	0.115	0	1	0.724	0.4	0.73	0.8	0.006
15	0.009	0.115	0	1	0.724	0.4	0.73	0.8	0.006
16	0.009	0.115	0	1	0.724	0.4	0.73	0.8	0.005
17	0.009	0.114	0	1	0.724	0.4	0.73	0.8	0.006
18	0.009	0.114	0	1	0.724	0.4	0.73	0.8	0.007
19	0.009	0.114	0	1	0.724	0.4	0.73	0.8	0.006
20	0.009	0.114	0	1	0.724	0.4	0.73	0.8	0.006
0	0.565	0.825	0	1	0.724	0.5	0.73	0.8	0.004
1	0.015	0.019	0	1	0.724	0.5	0.73	0.8	0.004
2	0.002	0.097	0	1	0.724	0.5	0.73	0.8	0.004
3	0.021	0.133	0	1	0.724	0.5	0.73	0.8	0.004
4	0.02	0.121	0	1	0.724	0.5	0.73	0.8	0.006
5	0.015	0.118	0	1	0.724	0.5	0.73	0.8	0.005
6	0.012	0.115	0	1	0.724	0.5	0.73	0.8	0.005
7	0.01	0.114	0	1	0.724	0.5	0.73	0.8	0.005
8	0.009	0.114	0	1	0.724	0.5	0.73	0.8	0.006
9	0.008	0.113	0	1	0.724	0.5	0.73	0.8	0.006
10	0.008	0.113	0	1	0.724	0.5	0.73	0.8	0.005
11	0.008	0.113	0	1	0.724	0.5	0.73	0.8	0.006
12	0.008	0.113	0	1	0.724	0.5	0.73	0.8	0.004
13	0.008	0.113	0	1	0.724	0.5	0.73	0.8	0.004
14	0.008	0.113	0	1	0.724	0.5	0.73	0.8	0.004
15	0.008	0.113	0	1	0.724	0.5	0.73	0.8	0.005
16	0.008	0.113	0	1	0.724	0.5	0.73	0.8	0.006
17	0.008	0.113	0	1	0.724	0.5	0.73	0.8	0.006
18	0.008	0.113	0	1	0.724	0.5	0.73	0.8	0.007
19	0.008	0.113	0	1	0.724	0.5	0.73	0.8	0.007
20	0.008	0.113	0	1	0.724	0.5	0.73	0.8	0.007
0	0.635	0.773	0	1	0.724	0.6	0.73	0.8	0.004
1	0.092	0.097	0	1	0.724	0.6	0.73	0.8	0.006
2	0.045	0.112	0	1	0.724	0.6	0.73	0.8	0.005
3	0.024	0.135	0	1	0.724	0.6	0.73	0.8	0.005
4	0.012	0.114	0	1	0.724	0.6	0.73	0.8	0.004
5	0.006	0.11	0	1	0.724	0.6	0.73	0.8	0.004
6	0.004	0.109	0	1	0.724	0.6	0.73	0.8	0.004
7	0.002	0.108	0	1	0.724	0.6	0.73	0.8	0.006
8	0.002	0.108	0	1	0.724	0.6	0.73	0.8	0.006
9	0.002	0.108	0	1	0.724	0.6	0.73	0.8	0.005
10	0.001	0.108	0	1	0.724	0.6	0.73	0.8	0.004
11	0.001	0.108	0	1	0.724	0.6	0.73	0.8	0.005
12	0.001	0.108	0	1	0.724	0.6	0.73	0.8	0.005
13	0.001	0.108	0	1	0.724	0.6	0.73	0.8	0.006
14	0.001	0.108	0	1	0.724	0.6	0.73	0.8	0.005
15	0.001	0.108	0	1	0.724	0.6	0.73	0.8	0.006
16	0.001	0.108	0	1	0.724	0.6	0.73	0.8	0.005
17	0.001	0.108	0	1	0.724	0.6	0.73	0.8	0.006
18	0.001	0.108	0	1	0.724	0.6	0.73	0.8	0.007
19	0.001	0.108	0	1	0.724	0.6	0.73	0.8	0.007
20	0.001	0.108	0	1	0.724	0.6	0.73	0.8	0.007
0	0.692	0.722	0	1	0.724	0.7	0.73	0.8	0.004
1	0.222	0.199	0	1	0.724	0.7	0.73	0.8	0.005
2	0.064	0.1	0	1	0.724	0.7	0.73	0.8	0.005
3	0.004	0.122	0	1	0.724	0.7	0.73	0.8	0.005
4	-0.007	0.102	0	1	0.724	0.7	0.73	0.8	0.004
5	-0.008	0.101	0	1	0.724	0.7	0.73	0.8	0.005
6	-0.008	0.101	0	1	0.724	0.7	0.73	0.8	0.004
7	-0.007	0.102	0	1	0.724	0.7	0.73	0.8	0.005
8	-0.007	0.102	0	1	0.724	0.7	0.73	0.8	0.004
9	-0.007	0.102	0	1	0.724	0.7	0.73	0.8	0.004
10	-0.007	0.102	0	1	0.724	0.7	0.73	0.8	0.005
11	-0.007	0.102	0	1	0.724	0.7	0.73	0.8	0.005
12	-0.006	0.102	0	1	0.724	0.7	0.73	0.8	0.006
13	-0.006	0.102	0	1	0.724	0.7	0.73	0.8	0.006
14	-0.006	0.102	0	1	0.724	0.7	0.73	0.8	0.004
15	-0.006	0.102	0	1	0.724	0.7	0.73	0.8	0.004
16	-0.006	0.102	0	1	0.724	0.7	0.73	0.8	0.006
17	-0.006	0.102	0	1	0.724	0.7	0.73	0.8	0.006
18	-0.006	0.102	0	1	0.724	0.7	0.73	0.8	0.007
19	-0.006	0.102	0	1	0.724	0.7	0.73	0.8	0.007
20	-0.006	0.102	0	1	0.724	0.7	0.73	0.8	0.007
0	0.739	0.674	0	1	0.724	0.8	0.73	0.8	0.005
1	0.374	0.295	0	1	0.724	0.8	0.73	0.8	0.005
2	0.051	0.07	0	1	0.724	0.8	0.73	0.8	0.005
3	-0.029	0.102	0	1	0.724	0.8	0.73	0.8	0.005
4	-0.027	0.092	0	1	0.724	0.8	0.73	0.8	0.005
5	-0.02	0.094	0	1	0.724	0.8	0.73	0.8	0.005
6	-0.016	0.096	0	1	0.724	0.8	0.73	0.8	0.005
7	-0.013	0.098	0	1	0.724	0.8	0.73	0.8	0.005
8	-0.012	0.098	0	1	0.724	0.8	0.73	0.8	0.006
9	-0.011	0.099	0	1	0.724	0.8	0.73	0.8	0.004
10	-0.011	0.099	0	1	0.724	0.8	0.73	0.8	0.005
11	-0.011	0.099	0	1	0.724	0.8	0.73	0.8	0.005
12	-0.011	0.099	0	1	0.724	0.8	0.73	0.8	0.006
13	-0.011	0.099	0	1	0.724	0.8	0.73	0.8	0.005
14	-0.011	0.099	0	1	0.724	0.8	0.73	0.8	0.005
15	-0.011	0.099	0	1	0.724	0.8	0.73	0.8	0.006
16	-0.011	0.099	0	1	0.724	0.8	0.73	0.8	0.005
17	-0.011	0.099	0	1	0.724	0.8	0.73	0.8	0.005
18	-0.011	0.099	0	1	0.724	0.8	0.73	0.8	0.005
19	-0.011	0.099	0	1	0.724	0.8	0.73	0.8	0.006
20	-0.011	0.099	0	1	0.724	0.8	0.73	0.8	0.007
0	0.777	0.63	0	1	0.724	0.9	0.73	0.8	0.006
1	0.516	0.361	0	1	0.724	0.9	0.73	0.8	0.004
2	0.021	0.038	0	1	0.724	0.9	0.73	0.8	0.004
3	-0.054	0.087	0	1	0.724	0.9	0.73	0.8	0.004
4	-0.035	0.089	0	1	0.724	0.9	0.73	0.8	0.006
5	-0.021	0.093	0	1	0.724	0.9	0.73	0.8	0.005
6	-0.015	0.096	0	1	0.724	0.9	0.73	0.8	0.004
7	-0.012	0.097	0	1	0.724	0.9	0.73	0.8	0.004
8	-0.011	0.098	0	1	0.724	0.9	0.73	0.8	0.004
9	-0.01	0.098	0	1	0.724	0.9	0.73	0.8	0.004
10	-0.01	0.098	0	1	0.724	0.9	0.73	0.8	0.006
11	-0.009	0.099	0	1	0.724	0.9	0.73	0.8	0.005
12	-0.009	0.099	0	1	0.724	0.9	0.73	0.8	0.006
13	-0.009	0.099	0	1	0.724	0.9	0.73	0.8	0.006
14	-0.009	0.099	0	1	0.724	0.9	0.73	0.8	0.004
15	-0.009	0.099	0	1	0.724	0.9	0.73	0.8	0.006
16	-0.009	0.099	0	1	0.724	0.9	0.73	0.8	0.005
17	-0.009	0.099	0	1	0.724	0.9	0.73	0.8	0.006
18	-0.009	0.099	0	1	0.724	0.9	0.73	0.8	0.005
19	-0.009	0.099	0	1	0.724	0.9	0.73	0.8	0.006
20	-0.009	0.099	0	1	0.724	0.9	0.73	0.8	0.007
0	0.808	0.59	0	1	0.724	1	0.73	0.8	0.005
1	0.626	0.394	0	1	0.724	1	0.73	0.8	0.005
2	0	0.021	0	1	0.724	1	0.73	0.8	0.005
3	-0.059	0.081	0	1	0.724	1	0.73	0.8	0.005
4	-0.028	0.094	0	1	0.724	1	0.73	0.8	0.004
5	-0.013	0.097	0	1	0.724	1	0.73	0.8	0.006
6	-0.007	0.099	0	1	0.724	1	0.73	0.8	0.005
7	-0.005	0.1	0	1	0.724	1	0.73	0.8	0.006
8	-0.004	0.1	0	1	0.724	1	0.73	0.8	0.005
9	-0.004	0.1	0	1	0.724	1	0.73	0.8	0.006
10	-0.004	0.1	0	1	0.724	1	0.73	0.8	0.005
11	-0.004	0.1	0	1	0.724	1	0.73	0.8	0.005
12	-0.003	0.1	0	1	0.724	1	0.73	0.8	0.006
13	-0.003	0.1	0	1	0.724	1	0.73	0.8	0.005
14	-0.003	0.1	0	1	0.724	1	0.73	0.8	0.004
15	-0.003	0.1	0	1	0.724	1	0.73	0.8	0.005
16	-0.003	0.1	0	1	0.724	1	0.73	0.8	0.005
17	-0.003	0.1	0	1	0.724	1	0.73	0.8	0.005
18	-0.003	0.1	0	1	0.724	1	0.73	0.8	0.007
19	-0.003	0.1	0	1	0.724	1	0.73	0.8	0.005
20	-0.003	0.1	0	1	0.724	1	0.73	0.8	0.006
0	0.833	0.553	0	1	0.724	1.1	0.73	0.8	0.004
1	0.704	0.403	0	1	0.724	1.1	0.73	0.8	0.005
2	0.013	0.026	0	1	0.724	1.1	0.73	0.8	0.005
3	-0.041	0.079	0	1	0.724	1.1	0.73	0.8	0.004
4	-0.011	0.104	0	1	0.724	1.1	0.73	0.8	0.005
5	-0.001	0.101	0	1	0.724	1.1	0.73	0.8	0.006
6	0.001	0.102	0	1	0.724	1.1	0.73	0.8	0.005
7	0.002	0.102	0	1	0.724	1.1	0.73	0.8	0.004
8	0.002	0.102	0	1	0.724	1.1	0.73	0.8	0.004
9	0.002	0.102	0	1	0.724	1.1	0.73	0.8	0.004
10	0.002	0.102	0	1	0.724	1.1	0.73	0.8	0.004
11	0.002	0.102	0	1	0.724	1.1	0.73	0.8	0.004
12	0.002	0.102	0	1	0.724	1.1	0.73	0.8	0.004
13	0.002	0.102	0	1	0.724	1.1	0.73	0.8	0.005
14	0.002	0.102	0	1	0.724	1.1	0.73	0.8	0.006
15	0.002	0.102	0	1	0.724	1.1	0.73	0.8	0.006
16	0.002	0.102	0	1	0.724	1.1	0.73	0.8	0.006
17	0.002	0.102	0	1	0.724	1.1	0.73	0.8	0.006
18	0.002	0.102	0	1	0.724	1.1	0.73	0.8	0.007
19	0.002	0.102	0	1	0.724	1.1	0.73	0.8	0.005
20	0.002	0.102	0	1	0.724	1.1	0.73	0.8	0.005
0	0.854	0.52	0	1	0.724	1.2	0.73	0.8	0.004
1	0.759	0.398	0	1	0.724	1.2	0.73	0.8	0.005
2	0.075	0.054	0	1	0.724	1.2	0.73	0.8	0.004
3	-0.014	0.077	0	1	0.724	1.2	0.73	0.8	0.005
4	-0	0.111	0	1	0.724	1.2	0.73	0.8	0.004
5	0.003	0.103	0	1	0.724	1.2	0.73	0.8	0.004
6	0.002	0.102	0	1	0.724	1.2	0.73	0.8	0.006
7	0.002	0.101	0	1	0.724	1.2	0.73	0.8	0.005
8	0.001	0.101	0	1	0.724	1.2	0.73	0.8	0.004
9	0.001	0.101	0	1	0.724	1.2	0.73	0.8	0.006
10	0.001	0.101	0	1	0.724	1.2	0.73	0.8	0.006
11	0.001	0.101	0	1	0.724	1.2	0.73	0.8	0.006
12	0.001	0.101	0	1	0.724	1.2	0.73	0.8	0.004
13	0.001	0.101	0	1	0.724	1.2	0.73	0.8	0.005
14	0.001	0.101	0	1	0.724	1.2	0.73	0.8	0.006
15	0.001	0.101	0	1	0.724	1.2	0.73	0.8	0.005
16	0.001	0.101	0	1	0.724	1.2	0.73	0.8	0.006
17	0.001	0.101	0	1	0.724	1.2	0.73	0.8	0.005
18	0.001	0.101	0	1	0.724	1.2	0.73	0.8	0.007
19	0.001	0.101	0	1	0.724	1.2	0.73	0.8	0.005
20	0.001	0.101	0	1	0.724	1.2	0.73	0.8	0.007
0	0.872	0.49	0	1	0.724	1.3	0.73	0.8	0.004
1	0.799	0.387	0	1	0.724	1.3	0.73	0.8	0.004
2	0.19	0.103	0	1	0.724	1.3	0.73	0.8	0.004
3	-0.001	0.065	0	1	0.724	1.3	0.73	0.8	0.006
4	-0.008	0.112	0	1	0.724	1.3	0.73	0.8	0.004
5	-0.007	0.1	0	1	0.724	1.3	0.73	0.8	0.005
6	-0.007	0.099	0	1	0.724	1.3	0.73	0.8	0.004
7	-0.007	0.098	0	1	0.724	1.3	0.73	0.8	0.006
8	-0.007	0.098	0	1	0.724	1.3	0.73	0.8	0.004
9	-0.006	0.098	0	1	0.724	1.3	0.73	0.8	0.005
10	-0.006	0.098	0	1	0.724	1.3	0.73	0.8	0.006
11	-0.006	0.098	0	1	0.724	1.3	0.73	0.8	0.004
12	-0.006	0.098	0	1	0.724	1.3	0.73	0.8	0.006
13	-0.006	0.098	0	1	0.724	1.3	0.73	0.8	0.006
14	-0.006	0.098	0	1	0.724	1.3	0.73	0.8	0.006
15	-0.006	0.098	0	1	0.724	1.3	0.73	0.8	0.005
16	-0.006	0.098	0	1	0.724	1.3	0.73	0.8	0.005
17	-0.006	0.098	0	1	0.724	1.3	0.73	0.8	0.006
18	-0.006	0.098	0	1	0.724	1.3	0.73	0.8	0.005
19	-0.006	0.098	0	1	0.724	1.3	0.73	0.8	0.005
20	-0.006	0.098	0	1	0.724	1.3	0.73	0.8	0.005
0	0.887	0.462	0	1	0.724	1.4	0.73	0.8	0.004
1	0.83	0.373	0	1	0.724	1.4	0.73	0.8	0.005
2	0.35	0.162	0	1	0.724	1.4	0.73	0.8	0.005
3	-0.015	0.046	0	1	0.724	1.4	0.73	0.8	0.004
4	-0.032	0.107	0	1	0.724	1.4	0.73	0.8	0.005
5	-0.026	0.094	0	1	0.724	1.4	0.73	0.8	0.004
6	-0.021	0.093	0	1	0.724	1.4	0.73	0.8	0.004
7	-0.019	0.093	0	1	0.724	1.4	0.73	0.8	0.006
8	-0.018	0.093	0	1	0.724	1.4	0.73	0.8	0.004
9	-0.017	0.093	0	1	0.724	1.4	0.73	0.8	0.006
10	-0.016	0.093	0	1	0.724	1.4	0.73	0.8	0.004
11	-0.016	0.093	0	1	0.724	1.4	0.73	0.8	0.004
12	-0.016	0.093	0	1	0.724	1.4	0.73	0.8	0.004
13	-0.016	0.093	0	1	0.724	1.4	0.73	0.8	0.005
14	-0.016	0.093	0	1	0.724	1.4	0.73	0.8	0.004
15	-0.016	0.093	0	1	0.724	1.4	0.73	0.8	0.006
16	-0.016	0.093	0	1	0.724	1.4	0.73	0.8	0.006
17	-0.016	0.093	0	1	0.724	1.4	0.73	0.8	0.007
18	-0.016	0.093	0	1	0.724	1.4	0.73	0.8	0.005
19	-0.016	0.093	0	1	0.724	1.4	0.73	0.8	0.005
20	-0.016	0.093	0	1	0.724	1.4	0.73	0.8	0.007
0	0.899	0.438	0	1	0.724	1.5	0.73	0.8	0.005
1	0.853	0.358	0	1	0.724	1.5	0.73	0.8	0.005
2	0.525	0.22	0	1	0.724	1.5	0.73	0.8	0.005
3	-0.045	0.026	0	1	0.724	1.5	0.73	0.8	0.005
4	-0.059	0.098	0	1	0.724	1.5	0.73	0.8	0.004
5	-0.042	0.088	0	1	0.724	1.5	0.73	0.8	0.006
6	-0.032	0.088	0	1	0.724	1.5	0.73	0.8	0.004
7	-0.027	0.089	0	1	0.724	1.5	0.73	0.8	0.004
8	-0.024	0.09	0	1	0.724	1.5	0.73	0.8	0.005
9	-0.023	0.09	0	1	0.724	1.5	0.73	0.8	0.006
10	-0.022	0.09	0	1	0.724	1.5	0.73	0.8	0.004
11	-0.022	0.09	0	1	0.724	1.5	0.73	0.8	0.004
12	-0.021	0.09	0	1	0.724	1.5	0.73	0.8	0.004
13	-0.021	0.09	0	1	0.724	1.5	0.73	0.8	0.004
14	-0.021	0.09	0	1	0.724	1.5	0.73	0.8	0.007
15	-0.021	0.09	0	1	0.724	1.5	0.73	0.8	0.004
16	-0.021	0.09	0	1	0.724	1.5	0.73	0.8	0.006
17	-0.021	0.09	0	1	0.724	1.5	0.73	0.8	0.005
18	-0.021	0.09	0	1	0.724	1.5	0.73	0.8	0.005
19	-0.021	0.09	0	1	0.724	1.5	0.73	0.8	0.006
20	-0.021	0.09	0	1	0.724	1.5	0.73	0.8	0.007
0	0.91	0.415	0	1	0.724	1.6	0.73	0.8	0.005
1	0.872	0.343	0	1	0.724	1.6	0.73	0.8	0.004
2	0.676	0.262	0	1	0.724	1.6	0.73	0.8	0.005
3	-0.067	0.013	0	1	0.724	1.6	0.73	0.8	0.006
4	-0.073	0.09	0	1	0.724	1.6	0.73	0.8	0.005
5	-0.045	0.086	0	1	0.724	1.6	0.73	0.8	0.005
6	-0.031	0.086	0	1	0.724	1.6	0.73	0.8	0.006
7	-0.025	0.087	0	1	0.724	1.6	0.73	0.8	0.006
8	-0.022	0.088	0	1	0.724	1.6	0.73	0.8	0.005
9	-0.02	0.088	0	1	0.724	1.6	0.73	0.8	0.005
10	-0.02	0.088	0	1	0.724	1.6	0.73	0.8	0.004
11	-0.019	0.088	0	1	0.724	1.6	0.73	0.8	0.004
12	-0.019	0.088	0	1	0.724	1.6	0.73	0.8	0.005
13	-0.019	0.088	0	1	0.724	1.6	0.73	0.8	0.006
14	-0.019	0.088	0	1	0.724	1.6	0.73	0.8	0.005
15	-0.019	0.089	0	1	0.724	1.6	0.73	0.8	0.004
16	-0.019	0.089	0	1	0.724	1.6	0.73	0.8	0.005
17	-0.019	0.089	0	1	0.724	1.6	0.73	0.8	0.006
18	-0.019	0.089	0	1	0.724	1.6	0.73	0.8	0.007
19	-0.019	0.089	0	1	0.724	1.6	0.73	0.8	0.006
20	-0.019	0.089	0	1	0.724	1.6	0.73	0.8	0.005
0	0.919	0.395	0	1	0.724	1.7	0.73	0.8	0.005
1	0.888	0.329	0	1	0.724	1.7	0.73	0.8	0.004
2	0.784	0.284	0	1	0.724	1.7	0.73	0.8	0.004
3	-0.061	0.011	0	1	0.724	1.7	0.73	0.8	0.005
4	-0.067	0.084	0	1	0.724	1.7	0.73	0.8	0.004
5	-0.034	0.088	0	1	0.724	1.7	0.73	0.8	0.004
6	-0.019	0.087	0	1	0.724	1.7	0.73	0.8	0.004
7	-0.014	0.088	0	1	0.724	1.7	0.73	0.8	0.004
8	-0.012	0.088	0	1	0.724	1.7	0.73	0.8	0.006
9	-0.01	0.089	0	1	0.724	1.7	0.73	0.8	0.004
10	-0.01	0.089	0	1	0.724	1.7	0.73	0.8	0.008
11	-0.01	0.089	0	1	0.724	1.7	0.73	0.8	0.006
12	-0.009	0.089	0	1	0.724	1.7	0.73	0.8	0.004
13	-0.009	0.089	0	1	0.724	1.7	0.73	0.8	0.005
14	-0.009	0.089	0	1	0.724	1.7	0.73	0.8	0.006
15	-0.009	0.089	0	1	0.724	1.7	0.73	0.8	0.006
16	-0.009	0.089	0	1	0.724	1.7	0.73	0.8	0.005
17	-0.009	0.089	0	1	0.724	1.7	0.73	0.8	0.008
18	-0.009	0.089	0	1	0.724	1.7	0.73	0.8	0.008
19	-0.009	0.089	0	1	0.724	1.7	0.73	0.8	0.007
20	-0.009	0.089	0	1	0.724	1.7	0.73	0.8	0.007
0	0.927	0.376	0	1	0.724	1.8	0.73	0.8	0.005
1	0.901	0.315	0	1	0.724	1.8	0.73	0.8	0.004
2	0.849	0.289	0	1	0.724	1.8	0.73	0.8	0.006
3	-0.012	0.023	0	1	0.724	1.8	0.73	0.8	0.004
4	-0.045	0.078	0	1	0.724	1.8	0.73	0.8	0.005
5	-0.014	0.093	0	1	0.724	1.8	0.73	0.8	0.004
6	-0.003	0.089	0	1	0.724	1.8	0.73	0.8	0.004
7	0	0.089	0	1	0.724	1.8	0.73	0.8	0.004
8	0.001	0.09	0	1	0.724	1.8	0.73	0.8	0.004
9	0.001	0.09	0	1	0.724	1.8	0.73	0.8	0.004
10	0.001	0.09	0	1	0.724	1.8	0.73	0.8	0.004
11	0.002	0.09	0	1	0.724	1.8	0.73	0.8	0.005
12	0.002	0.09	0	1	0.724	1.8	0.73	0.8	0.006
13	0.002	0.09	0	1	0.724	1.8	0.73	0.8	0.006
14	0.002	0.09	0	1	0.724	1.8	0.73	0.8	0.005
15	0.002	0.09	0	1	0.724	1.8	0.73	0.8	0.006
16	0.002	0.09	0	1	0.724	1.8	0.73	0.8	0.005
17	0.002	0.09	0	1	0.724	1.8	0.73	0.8	0.007
18	0.002	0.09	0	1	0.724	1.8	0.73	0.8	0.005
19	0.002	0.09	0	1	0.724	1.8	0.73	0.8	0.005
20	0.002	0.09	0	1	0.724	1.8	0.73	0.8	0.005
0	0.939	0.343	0	1	0.724	2	0.73	0.8	0.005
1	0.921	0.29	0	1	0.724	2	0.73	0.8	0.004
2	0.907	0.278	0	1	0.724	2	0.73	0.8	0.004
3	0.235	0.082	0	1	0.724	2	0.73	0.8	0.005
4	-0.011	0.058	0	1	0.724	2	0.73	0.8	0.004
5	-0.001	0.1	0	1	0.724	2	0.73	0.8	0.005
6	0.003	0.089	0	1	0.724	2	0.73	0.8	0.004
7	0.003	0.089	0	1	0.724	2	0.73	0.8	0.005
8	0.002	0.089	0	1	0.724	2	0.73	0.8	0.004
9	0.002	0.089	0	1	0.724	2	0.73	0.8	0.004
10	0.002	0.088	0	1	0.724	2	0.73	0.8	0.004
11	0.002	0.088	0	1	0.724	2	0.73	0.8	0.005
12	0.002	0.088	0	1	0.724	2	0.73	0.8	0.006
13	0.002	0.088	0	1	0.724	2	0.73	0.8	0.004
14	0.002	0.088	0	1	0.724	2	0.73	0.8	0.004
15	0.002	0.088	0	1	0.724	2	0.73	0.8	0.005
16	0.002	0.088	0	1	0.724	2	0.73	0.8	0.005
17	0.002	0.088	0	1	0.724	2	0.73	0.8	0.006
18	0.002	0.088	0	1	0.724	2	0.73	0.8	0.007
19	0.002	0.088	0	1	0.724	2	0.73	0.8	0.006
20	0.002	0.088	0	1	0.724	2	0.73	0.8	0.006
0	0.949	0.315	0	1	0.724	2.2	0.73	0.8	0.005
1	0.936	0.268	0	1	0.724	2.2	0.73	0.8	0.004
2	0.929	0.258	0	1	0.724	2.2	0.73	0.8	0.005
3	0.598	0.158	0	1	0.724	2.2	0.73	0.8	0.005
4	-0.037	0.031	0	1	0.724	2.2	0.73	0.8	0.005
5	-0.038	0.094	0	1	0.724	2.2	0.73	0.8	0.004
6	-0.028	0.083	0	1	0.724	2.2	0.73	0.8	0.005
7	-0.023	0.082	0	1	0.724	2.2	0.73	0.8	0.004
8	-0.021	0.082	0	1	0.724	2.2	0.73	0.8	0.006
9	-0.02	0.083	0	1	0.724	2.2	0.73	0.8	0.004
10	-0.019	0.083	0	1	0.724	2.2	0.73	0.8	0.004
11	-0.019	0.083	0	1	0.724	2.2	0.73	0.8	0.004
12	-0.019	0.083	0	1	0.724	2.2	0.73	0.8	0.005
13	-0.019	0.083	0	1	0.724	2.2	0.73	0.8	0.004
14	-0.019	0.083	0	1	0.724	2.2	0.73	0.8	0.006
15	-0.019	0.083	0	1	0.724	2.2	0.73	0.8	0.005
16	-0.018	0.083	0	1	0.724	2.2	0.73	0.8	0.006
17	-0.018	0.083	0	1	0.724	2.2	0.73	0.8	0.006
18	-0.018	0.083	0	1	0.724	2.2	0.73	0.8	0.007
19	-0.018	0.083	0	1	0.724	2.2	0.73	0.8	0.005
20	-0.018	0.083	0	1	0.724	2.2	0.73	0.8	0.007
0	0.957	0.291	0	1	0.724	2.4	0.73	0.8	0.004
1	0.947	0.248	0	1	0.724	2.4	0.73	0.8	0.004
2	0.943	0.24	0	1	0.724	2.4	0.73	0.8	0.004
3	0.848	0.198	0	1	0.724	2.4	0.73	0.8	0.004
4	-0.016	0.027	0	1	0.724	2.4	0.73	0.8	0.004
5	-0.044	0.083	0	1	0.724	2.4	0.73	0.8	0.005
6	-0.026	0.081	0	1	0.724	2.4	0.73	0.8	0.007
7	-0.018	0.079	0	1	0.724	2.4	0.73	0.8	0.004
8	-0.015	0.08	0	1	0.724	2.4	0.73	0.8	0.006
9	-0.014	0.08	0	1	0.724	2.4	0.73	0.8	0.006
10	-0.013	0.08	0	1	0.724	2.4	0.73	0.8	0.004
11	-0.013	0.08	0	1	0.724	2.4	0.73	0.8	0.006
12	-0.013	0.08	0	1	0.724	2.4	0.73	0.8	0.004
13	-0.012	0.08	0	1	0.724	2.4	0.73	0.8	0.005
14	-0.012	0.08	0	1	0.724	2.4	0.73	0.8	0.006
15	-0.012	0.08	0	1	0.724	2.4	0.73	0.8	0.005
16	-0.012	0.08	0	1	0.724	2.4	0.73	0.8	0.005
17	-0.012	0.08	0	1	0.724	2.4	0.73	0.8	0.006
18	-0.012	0.08	0	1	0.724	2.4	0.73	0.8	0.005
19	-0.012	0.08	0	1	0.724	2.4	0.73	0.8	0.005
20	-0.012	0.08	0	1	0.724	2.4	0.73	0.8	0.007
0	0.963	0.27	0	1	0.724	2.6	0.73	0.8	0.004
1	0.955	0.231	0	1	0.724	2.6	0.73	0.8	0.004
2	0.952	0.223	0	1	0.724	2.6	0.73	0.8	0.004
3	0.934	0.199	0	1	0.724	2.6	0.73	0.8	0.006
4	0.158	0.053	0	1	0.724	2.6	0.73	0.8	0.005
5	-0.008	0.068	0	1	0.724	2.6	0.73	0.8	0.005
6	0.006	0.087	0	1	0.724	2.6	0.73	0.8	0.004
7	0.01	0.08	0	1	0.724	2.6	0.73	0.8	0.004
8	0.01	0.08	0	1	0.724	2.6	0.73	0.8	0.004
9	0.01	0.08	0	1	0.724	2.6	0.73	0.8	0.005
10	0.009	0.08	0	1	0.724	2.6	0.73	0.8	0.004
11	0.009	0.08	0	1	0.724	2.6	0.73	0.8	0.006
12	0.009	0.08	0	1	0.724	2.6	0.73	0.8	0.005
13	0.009	0.08	0	1	0.724	2.6	0.73	0.8	0.005
14	0.009	0.08	0	1	0.724	2.6	0.73	0.8	0.005
15	0.009	0.08	0	1	0.724	2.6	0.73	0.8	0.004
16	0.009	0.08	0	1	0.724	2.6	0.73	0.8	0.005
17	0.009	0.08	0	1	0.724	2.6	0.73	0.8	0.006
18	0.009	0.08	0	1	0.724	2.6	0.73	0.8	0.007
19	0.009	0.08	0	1	0.724	2.6	0.73	0.8	0.006
20	0.009	0.08	0	1	0.724	2.6	0.73	0.8	0.006
0	0.968	0.252	0	1	0.724	2.8	0.73	0.8	0.004
1	0.962	0.216	0	1	0.724	2.8	0.73	0.8	0.004
2	0.96	0.209	0	1	0.724	2.8	0.73	0.8	0.005
3	0.956	0.189	0	1	0.724	2.8	0.73	0.8	0.004
4	0.48	0.101	0	1	0.724	2.8	0.73	0.8	0.005
5	-0.006	0.047	0	1	0.724	2.8	0.73	0.8	0.004
6	-0.004	0.089	0	1	0.724	2.8	0.73	0.8	0.004
7	-0	0.077	0	1	0.724	2.8	0.73	0.8	0.004
8	-0.001	0.077	0	1	0.724	2.8	0.73	0.8	0.004
9	-0.001	0.077	0	1	0.724	2.8	0.73	0.8	0.004
10	-0.001	0.077	0	1	0.724	2.8	0.73	0.8	0.004
11	-0.001	0.077	0	1	0.724	2.8	0.73	0.8	0.005
12	-0.001	0.077	0	1	0.724	2.8	0.73	0.8	0.004
13	-0.001	0.077	0	1	0.724	2.8	0.73	0.8	0.004
14	-0.001	0.077	0	1	0.724	2.8	0.73	0.8	0.005
15	-0.001	0.077	0	1	0.724	2.8	0.73	0.8	0.005
16	-0.001	0.077	0	1	0.724	2.8	0.73	0.8	0.005
17	-0.001	0.077	0	1	0.724	2.8	0.73	0.8	0.006
18	-0.001	0.077	0	1	0.724	2.8	0.73	0.8	0.005
19	-0.001	0.077	0	1	0.724	2.8	0.73	0.8	0.006
20	-0.001	0.077	0	1	0.724	2.8	0.73	0.8	0.005
0	0.972	0.236	0	1	0.724	3	0.73	0.8	0.004
1	0.967	0.203	0	1	0.724	3	0.73	0.8	0.004
2	0.965	0.196	0	1	0.724	3	0.73	0.8	0.005
3	0.964	0.178	0	1	0.724	3	0.73	0.8	0.005
4	0.784	0.14	0	1	0.724	3	0.73	0.8	0.004
5	-0.014	0.033	0	1	0.724	3	0.73	0.8	0.005
6	-0.033	0.084	0	1	0.724	3	0.73	0.8	0.006
7	-0.025	0.073	0	1	0.724	3	0.73	0.8	0.004
8	-0.021	0.072	0	1	0.724	3	0.73	0.8	0.004
9	-0.02	0.072	0	1	0.724	3	0.73	0.8	0.004
10	-0.02	0.072	0	1	0.724	3	0.73	0.8	0.007
11	-0.02	0.072	0	1	0.724	3	0.73	0.8	0.005
12	-0.019	0.072	0	1	0.724	3	0.73	0.8	0.005
13	-0.019	0.072	0	1	0.724	3	0.73	0.8	0.005
14	-0.019	0.072	0	1	0.724	3	0.73	0.8	0.005
15	-0.019	0.072	0	1	0.724	3	0.73	0.8	0.005
16	-0.019	0.072	0	1	0.724	3	0.73	0.8	0.005
17	-0.019	0.072	0	1	0.724	3	0.73	0.8	0.005
18	-0.019	0.072	0	1	0.724	3	0.73	0.8	0.005
19	-0.019	0.072	0	1	0.724	3	0.73	0.8	0.006
20	-0.019	0.072	0	1	0.724	3	0.73	0.8	0.007
