Var1_ 1	Var1_ 2	Var1_ 3	Var1_ 4	Var1_ 5	Var1_ 6	Var1_ 7	Var1_ 8	Var1_ 9	Var1_10	Var1_11	Var1_12	Var1_13	Var1_14
0	-0	0	0	5	0.709	0	1.58	0.2	1	1.1	0.7	2.3	0.054
1	0	-0.443	0	5	0.709	0	1.58	0.2	1	1.1	0.7	2.3	0.073
2	-0	-0.323	0	5	0.709	0	1.58	0.2	1	1.1	0.7	2.3	0.298
3	0	-0.226	0	5	0.709	0	1.58	0.2	1	1.1	0.7	2.3	8.525
4	-0	-0.178	0	5	0.709	0	1.58	0.2	1	1.1	0.7	2.3	163.334
5	0	-0.152	0	5	0.709	0	1.58	0.2	1	1.1	0.7	2.3	2156.732
0	0.096	0.758	0	5	0.709	0.2	1.58	0.2	1	1.1	0.7	2.3	0.046
1	-0.061	-0.442	0	5	0.709	0.2	1.58	0.2	1	1.1	0.7	2.3	0.05
2	-0.048	-0.319	0	5	0.709	0.2	1.58	0.2	1	1.1	0.7	2.3	0.287
3	-0.036	-0.223	0	5	0.709	0.2	1.58	0.2	1	1.1	0.7	2.3	7.982
4	-0.03	-0.176	0	5	0.709	0.2	1.58	0.2	1	1.1	0.7	2.3	162.75
5	-0.028	-0.15	0	5	0.709	0.2	1.58	0.2	1	1.1	0.7	2.3	2170.629
0	0.169	0.888	0	5	0.709	0.3	1.58	0.2	1	1.1	0.7	2.3	0.071
1	-0.091	-0.441	0	5	0.709	0.3	1.58	0.2	1	1.1	0.7	2.3	0.053
2	-0.071	-0.316	0	5	0.709	0.3	1.58	0.2	1	1.1	0.7	2.3	0.291
3	-0.053	-0.222	0	5	0.709	0.3	1.58	0.2	1	1.1	0.7	2.3	8.419
4	-0.045	-0.175	0	5	0.709	0.3	1.58	0.2	1	1.1	0.7	2.3	159.802
5	-0.041	-0.149	0	5	0.709	0.3	1.58	0.2	1	1.1	0.7	2.3	2164.819
0	0.353	0.929	0	5	0.709	0.6	1.58	0.2	1	1.1	0.7	2.3	0.048
1	-0.182	-0.441	0	5	0.709	0.6	1.58	0.2	1	1.1	0.7	2.3	0.059
2	-0.138	-0.309	0	5	0.709	0.6	1.58	0.2	1	1.1	0.7	2.3	0.293
3	-0.105	-0.217	0	5	0.709	0.6	1.58	0.2	1	1.1	0.7	2.3	8.214
4	-0.089	-0.171	0	5	0.709	0.6	1.58	0.2	1	1.1	0.7	2.3	161.688
5	-0.081	-0.146	0	5	0.709	0.6	1.58	0.2	1	1.1	0.7	2.3	2165.118
0	0.495	0.868	0	5	0.709	0.9	1.58	0.2	1	1.1	0.7	2.3	0.058
1	-0.272	-0.438	0	5	0.709	0.9	1.58	0.2	1	1.1	0.7	2.3	0.062
2	-0.202	-0.301	0	5	0.709	0.9	1.58	0.2	1	1.1	0.7	2.3	0.287
3	-0.153	-0.212	0	5	0.709	0.9	1.58	0.2	1	1.1	0.7	2.3	8.116
4	-0.13	-0.168	0	5	0.709	0.9	1.58	0.2	1	1.1	0.7	2.3	161.482
5	-0.119	-0.143	0	5	0.709	0.9	1.58	0.2	1	1.1	0.7	2.3	2179.369
0	0.605	0.796	0	5	0.709	1.2	1.58	0.2	1	1.1	0.7	2.3	0.046
1	-0.359	-0.433	0	5	0.709	1.2	1.58	0.2	1	1.1	0.7	2.3	0.049
2	-0.262	-0.292	0	5	0.709	1.2	1.58	0.2	1	1.1	0.7	2.3	0.294
3	-0.2	-0.207	0	5	0.709	1.2	1.58	0.2	1	1.1	0.7	2.3	8.008
4	-0.17	-0.164	0	5	0.709	1.2	1.58	0.2	1	1.1	0.7	2.3	164.416
5	-0.156	-0.141	0	5	0.709	1.2	1.58	0.2	1	1.1	0.7	2.3	2174.657
0	0.663	0.748	0	5	0.709	1.4	1.58	0.2	1	1.1	0.7	2.3	0.052
1	-0.413	-0.428	0	5	0.709	1.4	1.58	0.2	1	1.1	0.7	2.3	0.052
2	-0.299	-0.286	0	5	0.709	1.4	1.58	0.2	1	1.1	0.7	2.3	0.294
3	-0.229	-0.203	0	5	0.709	1.4	1.58	0.2	1	1.1	0.7	2.3	8.269
4	-0.196	-0.162	0	5	0.709	1.4	1.58	0.2	1	1.1	0.7	2.3	164.87
5	-0.18	-0.139	0	5	0.709	1.4	1.58	0.2	1	1.1	0.7	2.3	2158.877
0	0.712	0.703	0	5	0.709	1.6	1.58	0.2	1	1.1	0.7	2.3	0.044
1	-0.465	-0.422	0	5	0.709	1.6	1.58	0.2	1	1.1	0.7	2.3	0.057
2	-0.335	-0.28	0	5	0.709	1.6	1.58	0.2	1	1.1	0.7	2.3	0.294
3	-0.258	-0.2	0	5	0.709	1.6	1.58	0.2	1	1.1	0.7	2.3	8.502
4	-0.221	-0.159	0	5	0.709	1.6	1.58	0.2	1	1.1	0.7	2.3	162.765
5	-0.203	-0.137	0	5	0.709	1.6	1.58	0.2	1	1.1	0.7	2.3	2146.399
0	0.752	0.66	0	5	0.709	1.8	1.58	0.2	1	1.1	0.7	2.3	0.044
1	-0.514	-0.414	0	5	0.709	1.8	1.58	0.2	1	1.1	0.7	2.3	0.056
2	-0.369	-0.275	0	5	0.709	1.8	1.58	0.2	1	1.1	0.7	2.3	0.3
3	-0.285	-0.196	0	5	0.709	1.8	1.58	0.2	1	1.1	0.7	2.3	8.375
4	-0.245	-0.157	0	5	0.709	1.8	1.58	0.2	1	1.1	0.7	2.3	163.308
5	-0.225	-0.135	0	5	0.709	1.8	1.58	0.2	1	1.1	0.7	2.3	2169.149
0	0.785	0.62	0	5	0.709	2	1.58	0.2	1	1.1	0.7	2.3	0.063
1	-0.559	-0.405	0	5	0.709	2	1.58	0.2	1	1.1	0.7	2.3	0.052
2	-0.402	-0.269	0	5	0.709	2	1.58	0.2	1	1.1	0.7	2.3	0.308
3	-0.311	-0.193	0	5	0.709	2	1.58	0.2	1	1.1	0.7	2.3	8.301
4	-0.268	-0.154	0	5	0.709	2	1.58	0.2	1	1.1	0.7	2.3	163.972
5	-0.247	-0.133	0	5	0.709	2	1.58	0.2	1	1.1	0.7	2.3	2155.033
0	0.799	0.601	0	5	0.709	2.1	1.58	0.2	1	1.1	0.7	2.3	0.067
1	-0.58	-0.4	0	5	0.709	2.1	1.58	0.2	1	1.1	0.7	2.3	0.057
2	-0.417	-0.266	0	5	0.709	2.1	1.58	0.2	1	1.1	0.7	2.3	0.286
3	-0.324	-0.191	0	5	0.709	2.1	1.58	0.2	1	1.1	0.7	2.3	8.377
4	-0.279	-0.153	0	5	0.709	2.1	1.58	0.2	1	1.1	0.7	2.3	163.059
5	-0.257	-0.132	0	5	0.709	2.1	1.58	0.2	1	1.1	0.7	2.3	2160.994
0	0.812	0.583	0	5	0.709	2.2	1.58	0.2	1	1.1	0.7	2.3	0.043
1	-0.6	-0.396	0	5	0.709	2.2	1.58	0.2	1	1.1	0.7	2.3	0.049
2	-0.432	-0.263	0	5	0.709	2.2	1.58	0.2	1	1.1	0.7	2.3	0.296
3	-0.336	-0.189	0	5	0.709	2.2	1.58	0.2	1	1.1	0.7	2.3	8.194
4	-0.29	-0.152	0	5	0.709	2.2	1.58	0.2	1	1.1	0.7	2.3	161.422
5	-0.268	-0.131	0	5	0.709	2.2	1.58	0.2	1	1.1	0.7	2.3	2146.775
0	0.835	0.55	0	5	0.709	2.4	1.58	0.2	1	1.1	0.7	2.3	0.051
1	-0.638	-0.386	0	5	0.709	2.4	1.58	0.2	1	1.1	0.7	2.3	0.049
2	-0.461	-0.257	0	5	0.709	2.4	1.58	0.2	1	1.1	0.7	2.3	0.294
3	-0.36	-0.186	0	5	0.709	2.4	1.58	0.2	1	1.1	0.7	2.3	8.172
4	-0.312	-0.149	0	5	0.709	2.4	1.58	0.2	1	1.1	0.7	2.3	161.139
5	-0.288	-0.129	0	5	0.709	2.4	1.58	0.2	1	1.1	0.7	2.3	2160.805
0	0.855	0.519	0	5	0.709	2.6	1.58	0.2	1	1.1	0.7	2.3	0.046
1	-0.673	-0.375	0	5	0.709	2.6	1.58	0.2	1	1.1	0.7	2.3	0.05
2	-0.489	-0.251	0	5	0.709	2.6	1.58	0.2	1	1.1	0.7	2.3	0.317
3	-0.383	-0.182	0	5	0.709	2.6	1.58	0.2	1	1.1	0.7	2.3	8.385
4	-0.333	-0.147	0	5	0.709	2.6	1.58	0.2	1	1.1	0.7	2.3	160.531
5	-0.308	-0.127	0	5	0.709	2.6	1.58	0.2	1	1.1	0.7	2.3	2134.144
0	0.871	0.491	0	5	0.709	2.8	1.58	0.2	1	1.1	0.7	2.3	0.044
1	-0.705	-0.365	0	5	0.709	2.8	1.58	0.2	1	1.1	0.7	2.3	0.069
2	-0.514	-0.245	0	5	0.709	2.8	1.58	0.2	1	1.1	0.7	2.3	0.294
3	-0.405	-0.179	0	5	0.709	2.8	1.58	0.2	1	1.1	0.7	2.3	8.397
4	-0.353	-0.144	0	5	0.709	2.8	1.58	0.2	1	1.1	0.7	2.3	155.786
5	-0.327	-0.125	0	5	0.709	2.8	1.58	0.2	1	1.1	0.7	2.3	2131.077
0	0.885	0.466	0	5	0.709	3	1.58	0.2	1	1.1	0.7	2.3	0.044
1	-0.734	-0.355	0	5	0.709	3	1.58	0.2	1	1.1	0.7	2.3	0.079
2	-0.539	-0.24	0	5	0.709	3	1.58	0.2	1	1.1	0.7	2.3	0.294
3	-0.426	-0.175	0	5	0.709	3	1.58	0.2	1	1.1	0.7	2.3	7.977
4	-0.372	-0.142	0	5	0.709	3	1.58	0.2	1	1.1	0.7	2.3	157.119
5	-0.345	-0.123	0	5	0.709	3	1.58	0.2	1	1.1	0.7	2.3	2084.449
