Var1_ 1	Var1_ 2	Var1_ 3	Var1_ 4	Var1_ 5	Var1_ 6	Var1_ 7	Var1_ 8	Var1_ 9	Var1_10	Var1_11	Var1_12	Var1_13
0	-0	0	0	4	0.708	0	1.37	0.7	1	1	1	0.049
1	-0	-0.347	0	4	0.708	0	1.37	0.7	1	1	1	0.052
2	0	-0.261	0	4	0.708	0	1.37	0.7	1	1	1	0.057
3	0	-0.191	0	4	0.708	0	1.37	0.7	1	1	1	0.286
4	-0	-0.16	0	4	0.708	0	1.37	0.7	1	1	1	1.852
5	0	-0.146	0	4	0.708	0	1.37	0.7	1	1	1	11.983
6	-0	-0.138	0	4	0.708	0	1.37	0.7	1	1	1	66.246
7	-0	-0.133	0	4	0.708	0	1.37	0.7	1	1	1	327.664
8	-0	-0.131	0	4	0.708	0	1.37	0.7	1	1	1	1318.694
0	0.118	0.812	0	4	0.708	0.2	1.37	0.7	1	1	1	0.047
1	-0.056	-0.347	0	4	0.708	0.2	1.37	0.7	1	1	1	0.051
2	-0.045	-0.255	0	4	0.708	0.2	1.37	0.7	1	1	1	0.079
3	-0.036	-0.187	0	4	0.708	0.2	1.37	0.7	1	1	1	0.306
4	-0.033	-0.157	0	4	0.708	0.2	1.37	0.7	1	1	1	1.988
5	-0.032	-0.143	0	4	0.708	0.2	1.37	0.7	1	1	1	12.259
6	-0.031	-0.135	0	4	0.708	0.2	1.37	0.7	1	1	1	66.349
7	-0.032	-0.131	0	4	0.708	0.2	1.37	0.7	1	1	1	327.955
8	-0.032	-0.129	0	4	0.708	0.2	1.37	0.7	1	1	1	1347.917
0	0.34	0.932	0	4	0.708	0.5	1.37	0.7	1	1	1	0.042
1	-0.14	-0.349	0	4	0.708	0.5	1.37	0.7	1	1	1	0.041
2	-0.108	-0.245	0	4	0.708	0.5	1.37	0.7	1	1	1	0.057
3	-0.087	-0.18	0	4	0.708	0.5	1.37	0.7	1	1	1	0.283
4	-0.079	-0.152	0	4	0.708	0.5	1.37	0.7	1	1	1	1.882
5	-0.077	-0.139	0	4	0.708	0.5	1.37	0.7	1	1	1	12.557
6	-0.077	-0.131	0	4	0.708	0.5	1.37	0.7	1	1	1	69.284
7	-0.077	-0.127	0	4	0.708	0.5	1.37	0.7	1	1	1	338.64
8	-0.078	-0.125	0	4	0.708	0.5	1.37	0.7	1	1	1	1356.716
0	0.454	0.889	0	4	0.708	0.7	1.37	0.7	1	1	1	0.042
1	-0.196	-0.349	0	4	0.708	0.7	1.37	0.7	1	1	1	0.043
2	-0.147	-0.239	0	4	0.708	0.7	1.37	0.7	1	1	1	0.07
3	-0.119	-0.176	0	4	0.708	0.7	1.37	0.7	1	1	1	0.284
4	-0.109	-0.149	0	4	0.708	0.7	1.37	0.7	1	1	1	2.091
5	-0.106	-0.136	0	4	0.708	0.7	1.37	0.7	1	1	1	12.868
6	-0.106	-0.129	0	4	0.708	0.7	1.37	0.7	1	1	1	70.56
7	-0.106	-0.125	0	4	0.708	0.7	1.37	0.7	1	1	1	341.863
8	-0.108	-0.123	0	4	0.708	0.7	1.37	0.7	1	1	1	1356.548
0	0.504	0.863	0	4	0.708	0.8	1.37	0.7	1	1	1	0.041
1	-0.223	-0.348	0	4	0.708	0.8	1.37	0.7	1	1	1	0.046
2	-0.166	-0.235	0	4	0.708	0.8	1.37	0.7	1	1	1	0.056
3	-0.134	-0.174	0	4	0.708	0.8	1.37	0.7	1	1	1	0.299
4	-0.123	-0.147	0	4	0.708	0.8	1.37	0.7	1	1	1	1.847
5	-0.12	-0.135	0	4	0.708	0.8	1.37	0.7	1	1	1	12.432
6	-0.12	-0.128	0	4	0.708	0.8	1.37	0.7	1	1	1	68.158
7	-0.121	-0.124	0	4	0.708	0.8	1.37	0.7	1	1	1	337.393
8	-0.122	-0.122	0	4	0.708	0.8	1.37	0.7	1	1	1	1361.962
0	0.589	0.808	0	4	0.708	1	1.37	0.7	1	1	1	0.041
1	-0.276	-0.345	0	4	0.708	1	1.37	0.7	1	1	1	0.049
2	-0.202	-0.229	0	4	0.708	1	1.37	0.7	1	1	1	0.054
3	-0.164	-0.17	0	4	0.708	1	1.37	0.7	1	1	1	0.291
4	-0.151	-0.144	0	4	0.708	1	1.37	0.7	1	1	1	1.853
5	-0.147	-0.132	0	4	0.708	1	1.37	0.7	1	1	1	12.444
6	-0.147	-0.125	0	4	0.708	1	1.37	0.7	1	1	1	70.74
7	-0.149	-0.121	0	4	0.708	1	1.37	0.7	1	1	1	339.332
8	-0.15	-0.12	0	4	0.708	1	1.37	0.7	1	1	1	1367.995
0	0.659	0.752	0	4	0.708	1.2	1.37	0.7	1	1	1	0.046
1	-0.326	-0.339	0	4	0.708	1.2	1.37	0.7	1	1	1	0.043
2	-0.235	-0.223	0	4	0.708	1.2	1.37	0.7	1	1	1	0.066
3	-0.192	-0.166	0	4	0.708	1.2	1.37	0.7	1	1	1	0.33
4	-0.177	-0.141	0	4	0.708	1.2	1.37	0.7	1	1	1	1.819
5	-0.174	-0.129	0	4	0.708	1.2	1.37	0.7	1	1	1	12.68
6	-0.174	-0.123	0	4	0.708	1.2	1.37	0.7	1	1	1	67.68
7	-0.176	-0.119	0	4	0.708	1.2	1.37	0.7	1	1	1	340.377
8	-0.178	-0.117	0	4	0.708	1.2	1.37	0.7	1	1	1	1361.18
0	0.715	0.699	0	4	0.708	1.4	1.37	0.7	1	1	1	0.042
1	-0.372	-0.332	0	4	0.708	1.4	1.37	0.7	1	1	1	0.043
2	-0.267	-0.216	0	4	0.708	1.4	1.37	0.7	1	1	1	0.069
3	-0.219	-0.161	0	4	0.708	1.4	1.37	0.7	1	1	1	0.275
4	-0.203	-0.138	0	4	0.708	1.4	1.37	0.7	1	1	1	1.91
5	-0.199	-0.126	0	4	0.708	1.4	1.37	0.7	1	1	1	12.617
6	-0.2	-0.12	0	4	0.708	1.4	1.37	0.7	1	1	1	69.328
7	-0.202	-0.117	0	4	0.708	1.4	1.37	0.7	1	1	1	338.123
8	-0.204	-0.115	0	4	0.708	1.4	1.37	0.7	1	1	1	1361.878
0	0.738	0.674	0	4	0.708	1.5	1.37	0.7	1	1	1	0.047
1	-0.394	-0.328	0	4	0.708	1.5	1.37	0.7	1	1	1	0.045
2	-0.282	-0.213	0	4	0.708	1.5	1.37	0.7	1	1	1	0.074
3	-0.231	-0.159	0	4	0.708	1.5	1.37	0.7	1	1	1	0.298
4	-0.215	-0.136	0	4	0.708	1.5	1.37	0.7	1	1	1	1.83
5	-0.211	-0.125	0	4	0.708	1.5	1.37	0.7	1	1	1	12.296
6	-0.212	-0.119	0	4	0.708	1.5	1.37	0.7	1	1	1	69.331
7	-0.214	-0.116	0	4	0.708	1.5	1.37	0.7	1	1	1	338.248
8	-0.217	-0.114	0	4	0.708	1.5	1.37	0.7	1	1	1	1359.828
0	0.76	0.65	0	4	0.708	1.6	1.37	0.7	1	1	1	0.054
1	-0.414	-0.324	0	4	0.708	1.6	1.37	0.7	1	1	1	0.042
2	-0.297	-0.21	0	4	0.708	1.6	1.37	0.7	1	1	1	0.058
3	-0.244	-0.157	0	4	0.708	1.6	1.37	0.7	1	1	1	0.297
4	-0.227	-0.135	0	4	0.708	1.6	1.37	0.7	1	1	1	1.989
5	-0.223	-0.124	0	4	0.708	1.6	1.37	0.7	1	1	1	12.808
6	-0.224	-0.118	0	4	0.708	1.6	1.37	0.7	1	1	1	70.186
7	-0.227	-0.114	0	4	0.708	1.6	1.37	0.7	1	1	1	336.315
8	-0.23	-0.113	0	4	0.708	1.6	1.37	0.7	1	1	1	1359.103
0	0.796	0.606	0	4	0.708	1.8	1.37	0.7	1	1	1	0.067
1	-0.453	-0.314	0	4	0.708	1.8	1.37	0.7	1	1	1	0.045
2	-0.324	-0.204	0	4	0.708	1.8	1.37	0.7	1	1	1	0.067
3	-0.267	-0.153	0	4	0.708	1.8	1.37	0.7	1	1	1	0.301
4	-0.25	-0.132	0	4	0.708	1.8	1.37	0.7	1	1	1	1.899
5	-0.246	-0.121	0	4	0.708	1.8	1.37	0.7	1	1	1	12.769
6	-0.248	-0.115	0	4	0.708	1.8	1.37	0.7	1	1	1	69.201
7	-0.251	-0.112	0	4	0.708	1.8	1.37	0.7	1	1	1	336.322
8	-0.254	-0.11	0	4	0.708	1.8	1.37	0.7	1	1	1	1347.56
0	0.825	0.565	0	4	0.708	2	1.37	0.7	1	1	1	0.041
1	-0.488	-0.305	0	4	0.708	2	1.37	0.7	1	1	1	0.058
2	-0.35	-0.198	0	4	0.708	2	1.37	0.7	1	1	1	0.057
3	-0.29	-0.149	0	4	0.708	2	1.37	0.7	1	1	1	0.322
4	-0.271	-0.129	0	4	0.708	2	1.37	0.7	1	1	1	1.843
5	-0.269	-0.119	0	4	0.708	2	1.37	0.7	1	1	1	12.683
6	-0.271	-0.113	0	4	0.708	2	1.37	0.7	1	1	1	68.699
7	-0.274	-0.11	0	4	0.708	2	1.37	0.7	1	1	1	337.527
8	-0.278	-0.108	0	4	0.708	2	1.37	0.7	1	1	1	1365.031
0	0.849	0.529	0	4	0.708	2.2	1.37	0.7	1	1	1	0.043
1	-0.52	-0.295	0	4	0.708	2.2	1.37	0.7	1	1	1	0.042
2	-0.374	-0.192	0	4	0.708	2.2	1.37	0.7	1	1	1	0.058
3	-0.31	-0.145	0	4	0.708	2.2	1.37	0.7	1	1	1	0.284
4	-0.292	-0.126	0	4	0.708	2.2	1.37	0.7	1	1	1	1.854
5	-0.29	-0.116	0	4	0.708	2.2	1.37	0.7	1	1	1	12.682
6	-0.292	-0.111	0	4	0.708	2.2	1.37	0.7	1	1	1	69.544
7	-0.296	-0.108	0	4	0.708	2.2	1.37	0.7	1	1	1	336.826
8	-0.301	-0.106	0	4	0.708	2.2	1.37	0.7	1	1	1	1363.164
0	0.877	0.481	0	4	0.708	2.5	1.37	0.7	1	1	1	0.041
1	-0.564	-0.282	0	4	0.708	2.5	1.37	0.7	1	1	1	0.042
2	-0.406	-0.184	0	4	0.708	2.5	1.37	0.7	1	1	1	0.057
3	-0.339	-0.14	0	4	0.708	2.5	1.37	0.7	1	1	1	0.299
4	-0.321	-0.121	0	4	0.708	2.5	1.37	0.7	1	1	1	1.842
5	-0.32	-0.112	0	4	0.708	2.5	1.37	0.7	1	1	1	12.494
6	-0.323	-0.107	0	4	0.708	2.5	1.37	0.7	1	1	1	71.184
7	-0.328	-0.104	0	4	0.708	2.5	1.37	0.7	1	1	1	340.079
8	-0.334	-0.102	0	4	0.708	2.5	1.37	0.7	1	1	1	1348.492
0	0.885	0.466	0	4	0.708	2.6	1.37	0.7	1	1	1	0.043
1	-0.578	-0.278	0	4	0.708	2.6	1.37	0.7	1	1	1	0.06
2	-0.416	-0.181	0	4	0.708	2.6	1.37	0.7	1	1	1	0.068
3	-0.349	-0.138	0	4	0.708	2.6	1.37	0.7	1	1	1	0.299
4	-0.33	-0.12	0	4	0.708	2.6	1.37	0.7	1	1	1	1.826
5	-0.329	-0.111	0	4	0.708	2.6	1.37	0.7	1	1	1	12.645
6	-0.333	-0.106	0	4	0.708	2.6	1.37	0.7	1	1	1	69.973
7	-0.339	-0.103	0	4	0.708	2.6	1.37	0.7	1	1	1	331.916
8	-0.344	-0.101	0	4	0.708	2.6	1.37	0.7	1	1	1	1357.583
0	0.898	0.439	0	4	0.708	2.8	1.37	0.7	1	1	1	0.058
1	-0.605	-0.27	0	4	0.708	2.8	1.37	0.7	1	1	1	0.042
2	-0.435	-0.175	0	4	0.708	2.8	1.37	0.7	1	1	1	0.074
3	-0.366	-0.134	0	4	0.708	2.8	1.37	0.7	1	1	1	0.307
4	-0.348	-0.117	0	4	0.708	2.8	1.37	0.7	1	1	1	1.767
5	-0.348	-0.109	0	4	0.708	2.8	1.37	0.7	1	1	1	12.705
6	-0.353	-0.104	0	4	0.708	2.8	1.37	0.7	1	1	1	68.431
7	-0.358	-0.101	0	4	0.708	2.8	1.37	0.7	1	1	1	332.291
8	-0.364	-0.099	0	4	0.708	2.8	1.37	0.7	1	1	1	1357.505
0	0.91	0.415	0	4	0.708	3	1.37	0.7	1	1	1	0.052
1	-0.631	-0.263	0	4	0.708	3	1.37	0.7	1	1	1	0.042
2	-0.452	-0.17	0	4	0.708	3	1.37	0.7	1	1	1	0.059
3	-0.382	-0.13	0	4	0.708	3	1.37	0.7	1	1	1	0.256
4	-0.365	-0.114	0	4	0.708	3	1.37	0.7	1	1	1	1.892
5	-0.365	-0.106	0	4	0.708	3	1.37	0.7	1	1	1	12.505
6	-0.371	-0.102	0	4	0.708	3	1.37	0.7	1	1	1	68.966
7	-0.378	-0.099	0	4	0.708	3	1.37	0.7	1	1	1	333.279
8	-0.384	-0.097	0	4	0.708	3	1.37	0.7	1	1	1	1353.649
