Var1_ 1	Var1_ 2	Var1_ 3	Var1_ 4	Var1_ 5	Var1_ 6	Var1_ 7	Var1_ 8	Var1_ 9	Var1_10	Var1_11	Var1_12
0	-0	0	0	3	0.707	0	1.28	0.6	1.1	0.9	0.023
1	-0	-0.286	0	3	0.707	0	1.28	0.6	1.1	0.9	0.025
2	0	-0.231	0	3	0.707	0	1.28	0.6	1.1	0.9	0.025
3	0	-0.176	0	3	0.707	0	1.28	0.6	1.1	0.9	0.038
4	-0	-0.155	0	3	0.707	0	1.28	0.6	1.1	0.9	0.058
5	0	-0.145	0	3	0.707	0	1.28	0.6	1.1	0.9	0.146
6	0	-0.14	0	3	0.707	0	1.28	0.6	1.1	0.9	0.395
7	-0	-0.135	0	3	0.707	0	1.28	0.6	1.1	0.9	1.011
8	-0	-0.132	0	3	0.707	0	1.28	0.6	1.1	0.9	2.633
9	0	-0.13	0	3	0.707	0	1.28	0.6	1.1	0.9	6.142
10	-0	-0.129	0	3	0.707	0	1.28	0.6	1.1	0.9	13.244
11	0	-0.128	0	3	0.707	0	1.28	0.6	1.1	0.9	27.167
12	0	-0.128	0	3	0.707	0	1.28	0.6	1.1	0.9	53.692
13	0	-0.128	0	3	0.707	0	1.28	0.6	1.1	0.9	96.576
14	0	-0.128	0	3	0.707	0	1.28	0.6	1.1	0.9	178.553
15	0	-0.128	0	3	0.707	0	1.28	0.6	1.1	0.9	334.488
16	0	-0.128	0	3	0.707	0	1.28	0.6	1.1	0.9	533.946
0	0.294	0.94	0	3	0.707	0.4	1.28	0.6	1.1	0.9	0.029
1	-0.097	-0.28	0	3	0.707	0.4	1.28	0.6	1.1	0.9	0.025
2	-0.083	-0.21	0	3	0.707	0.4	1.28	0.6	1.1	0.9	0.026
3	-0.072	-0.164	0	3	0.707	0.4	1.28	0.6	1.1	0.9	0.032
4	-0.069	-0.143	0	3	0.707	0.4	1.28	0.6	1.1	0.9	0.058
5	-0.07	-0.135	0	3	0.707	0.4	1.28	0.6	1.1	0.9	0.157
6	-0.071	-0.131	0	3	0.707	0.4	1.28	0.6	1.1	0.9	0.454
7	-0.072	-0.127	0	3	0.707	0.4	1.28	0.6	1.1	0.9	0.961
8	-0.073	-0.124	0	3	0.707	0.4	1.28	0.6	1.1	0.9	2.614
9	-0.073	-0.122	0	3	0.707	0.4	1.28	0.6	1.1	0.9	6.351
10	-0.072	-0.121	0	3	0.707	0.4	1.28	0.6	1.1	0.9	13.12
11	-0.072	-0.12	0	3	0.707	0.4	1.28	0.6	1.1	0.9	27.166
12	-0.072	-0.12	0	3	0.707	0.4	1.28	0.6	1.1	0.9	53.782
13	-0.072	-0.12	0	3	0.707	0.4	1.28	0.6	1.1	0.9	95.555
14	-0.072	-0.12	0	3	0.707	0.4	1.28	0.6	1.1	0.9	174.58
15	-0.072	-0.12	0	3	0.707	0.4	1.28	0.6	1.1	0.9	332.742
16	-0.072	-0.12	0	3	0.707	0.4	1.28	0.6	1.1	0.9	532.074
0	0.53	0.848	0	3	0.707	0.8	1.28	0.6	1.1	0.9	0.031
1	-0.191	-0.275	0	3	0.707	0.8	1.28	0.6	1.1	0.9	0.025
2	-0.154	-0.195	0	3	0.707	0.8	1.28	0.6	1.1	0.9	0.026
3	-0.136	-0.153	0	3	0.707	0.8	1.28	0.6	1.1	0.9	0.033
4	-0.13	-0.133	0	3	0.707	0.8	1.28	0.6	1.1	0.9	0.063
5	-0.131	-0.125	0	3	0.707	0.8	1.28	0.6	1.1	0.9	0.16
6	-0.135	-0.122	0	3	0.707	0.8	1.28	0.6	1.1	0.9	0.423
7	-0.138	-0.119	0	3	0.707	0.8	1.28	0.6	1.1	0.9	1.022
8	-0.139	-0.116	0	3	0.707	0.8	1.28	0.6	1.1	0.9	2.398
9	-0.14	-0.114	0	3	0.707	0.8	1.28	0.6	1.1	0.9	5.885
10	-0.14	-0.113	0	3	0.707	0.8	1.28	0.6	1.1	0.9	12.974
11	-0.139	-0.113	0	3	0.707	0.8	1.28	0.6	1.1	0.9	26.269
12	-0.139	-0.113	0	3	0.707	0.8	1.28	0.6	1.1	0.9	49.592
13	-0.139	-0.112	0	3	0.707	0.8	1.28	0.6	1.1	0.9	88.049
14	-0.139	-0.112	0	3	0.707	0.8	1.28	0.6	1.1	0.9	163.612
15	-0.139	-0.112	0	3	0.707	0.8	1.28	0.6	1.1	0.9	318.269
16	-0.139	-0.112	0	3	0.707	0.8	1.28	0.6	1.1	0.9	533.51
0	0.684	0.73	0	3	0.707	1.2	1.28	0.6	1.1	0.9	0.052
1	-0.268	-0.258	0	3	0.707	1.2	1.28	0.6	1.1	0.9	0.033
2	-0.214	-0.181	0	3	0.707	1.2	1.28	0.6	1.1	0.9	0.034
3	-0.19	-0.142	0	3	0.707	1.2	1.28	0.6	1.1	0.9	0.04
4	-0.184	-0.124	0	3	0.707	1.2	1.28	0.6	1.1	0.9	0.06
5	-0.186	-0.116	0	3	0.707	1.2	1.28	0.6	1.1	0.9	0.152
6	-0.191	-0.114	0	3	0.707	1.2	1.28	0.6	1.1	0.9	0.382
7	-0.196	-0.112	0	3	0.707	1.2	1.28	0.6	1.1	0.9	1.063
8	-0.2	-0.109	0	3	0.707	1.2	1.28	0.6	1.1	0.9	2.6
9	-0.201	-0.107	0	3	0.707	1.2	1.28	0.6	1.1	0.9	5.856
10	-0.201	-0.106	0	3	0.707	1.2	1.28	0.6	1.1	0.9	13.241
11	-0.201	-0.106	0	3	0.707	1.2	1.28	0.6	1.1	0.9	26.962
12	-0.201	-0.105	0	3	0.707	1.2	1.28	0.6	1.1	0.9	52.286
13	-0.201	-0.105	0	3	0.707	1.2	1.28	0.6	1.1	0.9	94.056
14	-0.201	-0.105	0	3	0.707	1.2	1.28	0.6	1.1	0.9	170.781
15	-0.201	-0.105	0	3	0.707	1.2	1.28	0.6	1.1	0.9	332.899
16	-0.201	-0.105	0	3	0.707	1.2	1.28	0.6	1.1	0.9	518.099
0	0.738	0.675	0	3	0.707	1.4	1.28	0.6	1.1	0.9	0.028
1	-0.297	-0.245	0	3	0.707	1.4	1.28	0.6	1.1	0.9	0.03
2	-0.238	-0.173	0	3	0.707	1.4	1.28	0.6	1.1	0.9	0.03
3	-0.213	-0.136	0	3	0.707	1.4	1.28	0.6	1.1	0.9	0.04
4	-0.208	-0.12	0	3	0.707	1.4	1.28	0.6	1.1	0.9	0.051
5	-0.21	-0.112	0	3	0.707	1.4	1.28	0.6	1.1	0.9	0.151
6	-0.217	-0.11	0	3	0.707	1.4	1.28	0.6	1.1	0.9	0.409
7	-0.223	-0.108	0	3	0.707	1.4	1.28	0.6	1.1	0.9	0.928
8	-0.228	-0.106	0	3	0.707	1.4	1.28	0.6	1.1	0.9	2.326
9	-0.23	-0.104	0	3	0.707	1.4	1.28	0.6	1.1	0.9	5.498
10	-0.23	-0.103	0	3	0.707	1.4	1.28	0.6	1.1	0.9	11.958
11	-0.23	-0.102	0	3	0.707	1.4	1.28	0.6	1.1	0.9	25.445
12	-0.23	-0.102	0	3	0.707	1.4	1.28	0.6	1.1	0.9	51.843
13	-0.23	-0.102	0	3	0.707	1.4	1.28	0.6	1.1	0.9	96.684
14	-0.23	-0.102	0	3	0.707	1.4	1.28	0.6	1.1	0.9	175.95
15	-0.23	-0.102	0	3	0.707	1.4	1.28	0.6	1.1	0.9	332.542
16	-0.23	-0.102	0	3	0.707	1.4	1.28	0.6	1.1	0.9	539.186
0	0.761	0.649	0	3	0.707	1.5	1.28	0.6	1.1	0.9	0.025
1	-0.309	-0.238	0	3	0.707	1.5	1.28	0.6	1.1	0.9	0.025
2	-0.25	-0.169	0	3	0.707	1.5	1.28	0.6	1.1	0.9	0.028
3	-0.224	-0.133	0	3	0.707	1.5	1.28	0.6	1.1	0.9	0.032
4	-0.22	-0.118	0	3	0.707	1.5	1.28	0.6	1.1	0.9	0.056
5	-0.222	-0.11	0	3	0.707	1.5	1.28	0.6	1.1	0.9	0.181
6	-0.229	-0.108	0	3	0.707	1.5	1.28	0.6	1.1	0.9	0.402
7	-0.236	-0.106	0	3	0.707	1.5	1.28	0.6	1.1	0.9	1.049
8	-0.241	-0.104	0	3	0.707	1.5	1.28	0.6	1.1	0.9	2.591
9	-0.244	-0.102	0	3	0.707	1.5	1.28	0.6	1.1	0.9	6.259
10	-0.244	-0.101	0	3	0.707	1.5	1.28	0.6	1.1	0.9	12.785
11	-0.244	-0.1	0	3	0.707	1.5	1.28	0.6	1.1	0.9	26.004
12	-0.244	-0.1	0	3	0.707	1.5	1.28	0.6	1.1	0.9	52.032
13	-0.244	-0.1	0	3	0.707	1.5	1.28	0.6	1.1	0.9	93.144
14	-0.244	-0.1	0	3	0.707	1.5	1.28	0.6	1.1	0.9	173.867
15	-0.244	-0.1	0	3	0.707	1.5	1.28	0.6	1.1	0.9	330.523
16	-0.244	-0.1	0	3	0.707	1.5	1.28	0.6	1.1	0.9	517.718
0	0.781	0.625	0	3	0.707	1.6	1.28	0.6	1.1	0.9	0.025
1	-0.319	-0.23	0	3	0.707	1.6	1.28	0.6	1.1	0.9	0.025
2	-0.26	-0.165	0	3	0.707	1.6	1.28	0.6	1.1	0.9	0.03
3	-0.234	-0.131	0	3	0.707	1.6	1.28	0.6	1.1	0.9	0.034
4	-0.231	-0.116	0	3	0.707	1.6	1.28	0.6	1.1	0.9	0.058
5	-0.234	-0.109	0	3	0.707	1.6	1.28	0.6	1.1	0.9	0.161
6	-0.241	-0.106	0	3	0.707	1.6	1.28	0.6	1.1	0.9	0.422
7	-0.249	-0.104	0	3	0.707	1.6	1.28	0.6	1.1	0.9	1.058
8	-0.254	-0.103	0	3	0.707	1.6	1.28	0.6	1.1	0.9	2.64
9	-0.257	-0.101	0	3	0.707	1.6	1.28	0.6	1.1	0.9	6.009
10	-0.258	-0.099	0	3	0.707	1.6	1.28	0.6	1.1	0.9	12.675
11	-0.258	-0.099	0	3	0.707	1.6	1.28	0.6	1.1	0.9	27.177
12	-0.258	-0.099	0	3	0.707	1.6	1.28	0.6	1.1	0.9	52.207
13	-0.257	-0.098	0	3	0.707	1.6	1.28	0.6	1.1	0.9	92.59
14	-0.257	-0.098	0	3	0.707	1.6	1.28	0.6	1.1	0.9	173.894
15	-0.257	-0.098	0	3	0.707	1.6	1.28	0.6	1.1	0.9	332.822
16	-0.257	-0.098	0	3	0.707	1.6	1.28	0.6	1.1	0.9	516.466
0	0.815	0.58	0	3	0.707	1.8	1.28	0.6	1.1	0.9	0.03
1	-0.335	-0.215	0	3	0.707	1.8	1.28	0.6	1.1	0.9	0.03
2	-0.278	-0.156	0	3	0.707	1.8	1.28	0.6	1.1	0.9	0.036
3	-0.253	-0.125	0	3	0.707	1.8	1.28	0.6	1.1	0.9	0.04
4	-0.252	-0.112	0	3	0.707	1.8	1.28	0.6	1.1	0.9	0.071
5	-0.256	-0.105	0	3	0.707	1.8	1.28	0.6	1.1	0.9	0.162
6	-0.264	-0.102	0	3	0.707	1.8	1.28	0.6	1.1	0.9	0.372
7	-0.273	-0.101	0	3	0.707	1.8	1.28	0.6	1.1	0.9	1.012
8	-0.28	-0.099	0	3	0.707	1.8	1.28	0.6	1.1	0.9	2.549
9	-0.283	-0.098	0	3	0.707	1.8	1.28	0.6	1.1	0.9	6.001
10	-0.284	-0.096	0	3	0.707	1.8	1.28	0.6	1.1	0.9	12.806
11	-0.284	-0.095	0	3	0.707	1.8	1.28	0.6	1.1	0.9	26.518
12	-0.284	-0.095	0	3	0.707	1.8	1.28	0.6	1.1	0.9	49.117
13	-0.284	-0.095	0	3	0.707	1.8	1.28	0.6	1.1	0.9	93.966
14	-0.284	-0.095	0	3	0.707	1.8	1.28	0.6	1.1	0.9	177.986
15	-0.284	-0.095	0	3	0.707	1.8	1.28	0.6	1.1	0.9	332.348
16	-0.284	-0.095	0	3	0.707	1.8	1.28	0.6	1.1	0.9	521.915
0	0.842	0.539	0	3	0.707	2	1.28	0.6	1.1	0.9	0.024
1	-0.346	-0.2	0	3	0.707	2	1.28	0.6	1.1	0.9	0.031
2	-0.293	-0.148	0	3	0.707	2	1.28	0.6	1.1	0.9	0.027
3	-0.271	-0.12	0	3	0.707	2	1.28	0.6	1.1	0.9	0.033
4	-0.271	-0.108	0	3	0.707	2	1.28	0.6	1.1	0.9	0.069
5	-0.276	-0.102	0	3	0.707	2	1.28	0.6	1.1	0.9	0.164
6	-0.285	-0.099	0	3	0.707	2	1.28	0.6	1.1	0.9	0.425
7	-0.295	-0.098	0	3	0.707	2	1.28	0.6	1.1	0.9	0.963
8	-0.303	-0.096	0	3	0.707	2	1.28	0.6	1.1	0.9	2.687
9	-0.308	-0.094	0	3	0.707	2	1.28	0.6	1.1	0.9	5.934
10	-0.309	-0.093	0	3	0.707	2	1.28	0.6	1.1	0.9	13.513
11	-0.31	-0.092	0	3	0.707	2	1.28	0.6	1.1	0.9	26.3
12	-0.309	-0.092	0	3	0.707	2	1.28	0.6	1.1	0.9	51.613
13	-0.309	-0.092	0	3	0.707	2	1.28	0.6	1.1	0.9	91.944
14	-0.309	-0.092	0	3	0.707	2	1.28	0.6	1.1	0.9	171.543
15	-0.309	-0.092	0	3	0.707	2	1.28	0.6	1.1	0.9	327.884
16	-0.309	-0.092	0	3	0.707	2	1.28	0.6	1.1	0.9	509.247
0	0.864	0.503	0	3	0.707	2.2	1.28	0.6	1.1	0.9	0.024
1	-0.355	-0.187	0	3	0.707	2.2	1.28	0.6	1.1	0.9	0.026
2	-0.305	-0.14	0	3	0.707	2.2	1.28	0.6	1.1	0.9	0.031
3	-0.286	-0.115	0	3	0.707	2.2	1.28	0.6	1.1	0.9	0.045
4	-0.289	-0.104	0	3	0.707	2.2	1.28	0.6	1.1	0.9	0.058
5	-0.296	-0.098	0	3	0.707	2.2	1.28	0.6	1.1	0.9	0.156
6	-0.306	-0.095	0	3	0.707	2.2	1.28	0.6	1.1	0.9	0.41
7	-0.317	-0.094	0	3	0.707	2.2	1.28	0.6	1.1	0.9	0.982
8	-0.326	-0.093	0	3	0.707	2.2	1.28	0.6	1.1	0.9	2.42
9	-0.331	-0.091	0	3	0.707	2.2	1.28	0.6	1.1	0.9	5.891
10	-0.333	-0.09	0	3	0.707	2.2	1.28	0.6	1.1	0.9	12.247
11	-0.334	-0.089	0	3	0.707	2.2	1.28	0.6	1.1	0.9	26.223
12	-0.334	-0.089	0	3	0.707	2.2	1.28	0.6	1.1	0.9	50.816
13	-0.334	-0.089	0	3	0.707	2.2	1.28	0.6	1.1	0.9	90.609
14	-0.334	-0.089	0	3	0.707	2.2	1.28	0.6	1.1	0.9	174.81
15	-0.334	-0.089	0	3	0.707	2.2	1.28	0.6	1.1	0.9	328.809
16	-0.333	-0.089	0	3	0.707	2.2	1.28	0.6	1.1	0.9	516.769
0	0.882	0.471	0	3	0.707	2.4	1.28	0.6	1.1	0.9	0.024
1	-0.362	-0.175	0	3	0.707	2.4	1.28	0.6	1.1	0.9	0.025
2	-0.315	-0.132	0	3	0.707	2.4	1.28	0.6	1.1	0.9	0.026
3	-0.3	-0.11	0	3	0.707	2.4	1.28	0.6	1.1	0.9	0.044
4	-0.305	-0.101	0	3	0.707	2.4	1.28	0.6	1.1	0.9	0.069
5	-0.314	-0.095	0	3	0.707	2.4	1.28	0.6	1.1	0.9	0.139
6	-0.325	-0.092	0	3	0.707	2.4	1.28	0.6	1.1	0.9	0.381
7	-0.337	-0.091	0	3	0.707	2.4	1.28	0.6	1.1	0.9	1.006
8	-0.347	-0.09	0	3	0.707	2.4	1.28	0.6	1.1	0.9	2.379
9	-0.353	-0.089	0	3	0.707	2.4	1.28	0.6	1.1	0.9	5.968
10	-0.356	-0.087	0	3	0.707	2.4	1.28	0.6	1.1	0.9	12.649
11	-0.357	-0.086	0	3	0.707	2.4	1.28	0.6	1.1	0.9	26.291
12	-0.357	-0.086	0	3	0.707	2.4	1.28	0.6	1.1	0.9	51.649
13	-0.357	-0.086	0	3	0.707	2.4	1.28	0.6	1.1	0.9	88.919
14	-0.357	-0.086	0	3	0.707	2.4	1.28	0.6	1.1	0.9	163.678
15	-0.357	-0.086	0	3	0.707	2.4	1.28	0.6	1.1	0.9	324.112
16	-0.357	-0.086	0	3	0.707	2.4	1.28	0.6	1.1	0.9	532.021
0	0.897	0.442	0	3	0.707	2.6	1.28	0.6	1.1	0.9	0.025
1	-0.368	-0.164	0	3	0.707	2.6	1.28	0.6	1.1	0.9	0.025
2	-0.322	-0.125	0	3	0.707	2.6	1.28	0.6	1.1	0.9	0.027
3	-0.312	-0.106	0	3	0.707	2.6	1.28	0.6	1.1	0.9	0.044
4	-0.32	-0.097	0	3	0.707	2.6	1.28	0.6	1.1	0.9	0.058
5	-0.331	-0.092	0	3	0.707	2.6	1.28	0.6	1.1	0.9	0.156
6	-0.343	-0.089	0	3	0.707	2.6	1.28	0.6	1.1	0.9	0.395
7	-0.356	-0.088	0	3	0.707	2.6	1.28	0.6	1.1	0.9	1.041
8	-0.366	-0.087	0	3	0.707	2.6	1.28	0.6	1.1	0.9	2.625
9	-0.374	-0.086	0	3	0.707	2.6	1.28	0.6	1.1	0.9	5.953
10	-0.378	-0.084	0	3	0.707	2.6	1.28	0.6	1.1	0.9	12.879
11	-0.379	-0.084	0	3	0.707	2.6	1.28	0.6	1.1	0.9	26.54
12	-0.379	-0.083	0	3	0.707	2.6	1.28	0.6	1.1	0.9	52.886
13	-0.379	-0.083	0	3	0.707	2.6	1.28	0.6	1.1	0.9	93.795
14	-0.379	-0.083	0	3	0.707	2.6	1.28	0.6	1.1	0.9	178.474
15	-0.379	-0.083	0	3	0.707	2.6	1.28	0.6	1.1	0.9	331.731
16	-0.379	-0.083	0	3	0.707	2.6	1.28	0.6	1.1	0.9	527.624
0	0.909	0.416	0	3	0.707	2.8	1.28	0.6	1.1	0.9	0.025
1	-0.373	-0.154	0	3	0.707	2.8	1.28	0.6	1.1	0.9	0.024
2	-0.328	-0.118	0	3	0.707	2.8	1.28	0.6	1.1	0.9	0.026
3	-0.322	-0.101	0	3	0.707	2.8	1.28	0.6	1.1	0.9	0.039
4	-0.333	-0.094	0	3	0.707	2.8	1.28	0.6	1.1	0.9	0.064
5	-0.347	-0.089	0	3	0.707	2.8	1.28	0.6	1.1	0.9	0.16
6	-0.36	-0.086	0	3	0.707	2.8	1.28	0.6	1.1	0.9	0.421
7	-0.374	-0.085	0	3	0.707	2.8	1.28	0.6	1.1	0.9	0.985
8	-0.385	-0.084	0	3	0.707	2.8	1.28	0.6	1.1	0.9	2.672
9	-0.394	-0.083	0	3	0.707	2.8	1.28	0.6	1.1	0.9	6.403
10	-0.398	-0.082	0	3	0.707	2.8	1.28	0.6	1.1	0.9	13.11
11	-0.4	-0.081	0	3	0.707	2.8	1.28	0.6	1.1	0.9	26.476
12	-0.401	-0.08	0	3	0.707	2.8	1.28	0.6	1.1	0.9	51.427
13	-0.401	-0.08	0	3	0.707	2.8	1.28	0.6	1.1	0.9	91.94
14	-0.4	-0.08	0	3	0.707	2.8	1.28	0.6	1.1	0.9	167.122
15	-0.4	-0.08	0	3	0.707	2.8	1.28	0.6	1.1	0.9	319.071
16	-0.4	-0.08	0	3	0.707	2.8	1.28	0.6	1.1	0.9	520.621
0	0.92	0.392	0	3	0.707	3	1.28	0.6	1.1	0.9	0.025
1	-0.378	-0.146	0	3	0.707	3	1.28	0.6	1.1	0.9	0.025
2	-0.33	-0.11	0	3	0.707	3	1.28	0.6	1.1	0.9	0.033
3	-0.33	-0.097	0	3	0.707	3	1.28	0.6	1.1	0.9	0.042
4	-0.346	-0.09	0	3	0.707	3	1.28	0.6	1.1	0.9	0.061
5	-0.362	-0.086	0	3	0.707	3	1.28	0.6	1.1	0.9	0.144
6	-0.376	-0.084	0	3	0.707	3	1.28	0.6	1.1	0.9	0.382
7	-0.391	-0.082	0	3	0.707	3	1.28	0.6	1.1	0.9	0.995
8	-0.403	-0.082	0	3	0.707	3	1.28	0.6	1.1	0.9	2.364
9	-0.412	-0.081	0	3	0.707	3	1.28	0.6	1.1	0.9	6.136
10	-0.418	-0.079	0	3	0.707	3	1.28	0.6	1.1	0.9	13.172
11	-0.42	-0.078	0	3	0.707	3	1.28	0.6	1.1	0.9	26.587
12	-0.421	-0.078	0	3	0.707	3	1.28	0.6	1.1	0.9	52.48
13	-0.421	-0.077	0	3	0.707	3	1.28	0.6	1.1	0.9	93.651
14	-0.421	-0.077	0	3	0.707	3	1.28	0.6	1.1	0.9	174.091
15	-0.421	-0.077	0	3	0.707	3	1.28	0.6	1.1	0.9	319.838
16	-0.421	-0.077	0	3	0.707	3	1.28	0.6	1.1	0.9	515.138
0	0.131	0.835	0	3	0.707	0.2	1.28	0.6	1.1	0.9	0.024
1	-0.049	-0.282	0	3	0.707	0.2	1.28	0.6	1.1	0.9	0.031
2	-0.043	-0.219	0	3	0.707	0.2	1.28	0.6	1.1	0.9	0.03
3	-0.037	-0.17	0	3	0.707	0.2	1.28	0.6	1.1	0.9	0.039
4	-0.036	-0.149	0	3	0.707	0.2	1.28	0.6	1.1	0.9	0.061
5	-0.036	-0.14	0	3	0.707	0.2	1.28	0.6	1.1	0.9	0.153
6	-0.036	-0.135	0	3	0.707	0.2	1.28	0.6	1.1	0.9	0.398
7	-0.037	-0.131	0	3	0.707	0.2	1.28	0.6	1.1	0.9	0.911
8	-0.037	-0.128	0	3	0.707	0.2	1.28	0.6	1.1	0.9	2.661
9	-0.037	-0.126	0	3	0.707	0.2	1.28	0.6	1.1	0.9	5.574
10	-0.037	-0.125	0	3	0.707	0.2	1.28	0.6	1.1	0.9	12.841
11	-0.037	-0.124	0	3	0.707	0.2	1.28	0.6	1.1	0.9	25.855
12	-0.037	-0.124	0	3	0.707	0.2	1.28	0.6	1.1	0.9	50.312
13	-0.037	-0.124	0	3	0.707	0.2	1.28	0.6	1.1	0.9	91.619
14	-0.037	-0.124	0	3	0.707	0.2	1.28	0.6	1.1	0.9	166.798
15	-0.037	-0.124	0	3	0.707	0.2	1.28	0.6	1.1	0.9	326.998
16	-0.037	-0.124	0	3	0.707	0.2	1.28	0.6	1.1	0.9	525.372
0	0.424	0.904	0	3	0.707	0.6	1.28	0.6	1.1	0.9	0.047
1	-0.145	-0.278	0	3	0.707	0.6	1.28	0.6	1.1	0.9	0.045
2	-0.12	-0.202	0	3	0.707	0.6	1.28	0.6	1.1	0.9	0.032
3	-0.105	-0.158	0	3	0.707	0.6	1.28	0.6	1.1	0.9	0.035
4	-0.101	-0.138	0	3	0.707	0.6	1.28	0.6	1.1	0.9	0.052
5	-0.101	-0.13	0	3	0.707	0.6	1.28	0.6	1.1	0.9	0.138
6	-0.104	-0.126	0	3	0.707	0.6	1.28	0.6	1.1	0.9	0.397
7	-0.106	-0.123	0	3	0.707	0.6	1.28	0.6	1.1	0.9	1.001
8	-0.107	-0.12	0	3	0.707	0.6	1.28	0.6	1.1	0.9	2.529
9	-0.107	-0.118	0	3	0.707	0.6	1.28	0.6	1.1	0.9	6.074
10	-0.107	-0.117	0	3	0.707	0.6	1.28	0.6	1.1	0.9	12.57
11	-0.106	-0.117	0	3	0.707	0.6	1.28	0.6	1.1	0.9	26.866
12	-0.106	-0.116	0	3	0.707	0.6	1.28	0.6	1.1	0.9	51.443
13	-0.106	-0.116	0	3	0.707	0.6	1.28	0.6	1.1	0.9	92.254
14	-0.106	-0.116	0	3	0.707	0.6	1.28	0.6	1.1	0.9	169.731
15	-0.106	-0.116	0	3	0.707	0.6	1.28	0.6	1.1	0.9	323.356
16	-0.106	-0.116	0	3	0.707	0.6	1.28	0.6	1.1	0.9	530.217
0	0.616	0.788	0	3	0.707	1	1.28	0.6	1.1	0.9	0.043
1	-0.233	-0.268	0	3	0.707	1	1.28	0.6	1.1	0.9	0.031
2	-0.185	-0.188	0	3	0.707	1	1.28	0.6	1.1	0.9	0.028
3	-0.164	-0.147	0	3	0.707	1	1.28	0.6	1.1	0.9	0.035
4	-0.158	-0.129	0	3	0.707	1	1.28	0.6	1.1	0.9	0.064
5	-0.159	-0.121	0	3	0.707	1	1.28	0.6	1.1	0.9	0.152
6	-0.164	-0.118	0	3	0.707	1	1.28	0.6	1.1	0.9	0.446
7	-0.168	-0.115	0	3	0.707	1	1.28	0.6	1.1	0.9	1.046
8	-0.17	-0.113	0	3	0.707	1	1.28	0.6	1.1	0.9	2.643
9	-0.171	-0.111	0	3	0.707	1	1.28	0.6	1.1	0.9	6.183
10	-0.171	-0.11	0	3	0.707	1	1.28	0.6	1.1	0.9	12.979
11	-0.171	-0.109	0	3	0.707	1	1.28	0.6	1.1	0.9	26.501
12	-0.171	-0.109	0	3	0.707	1	1.28	0.6	1.1	0.9	51.831
13	-0.171	-0.109	0	3	0.707	1	1.28	0.6	1.1	0.9	92.844
14	-0.17	-0.109	0	3	0.707	1	1.28	0.6	1.1	0.9	172.811
15	-0.17	-0.109	0	3	0.707	1	1.28	0.6	1.1	0.9	324.279
16	-0.17	-0.109	0	3	0.707	1	1.28	0.6	1.1	0.9	516.944
